rep,id,phiS,deltaS,phiL,deltaL,deltaA,eta_phiS,eta_deltaS,eta_phiL,eta_deltaL,eta_deltaA
1,1,-0.0960257025120851,-2.60530838737063,-0.451040447101242,-6.98925988918186,0.0384530374046693,-0.158785851812887,-0.0182190700541609,0.0568857639693451,0.129371628774617,0.1763559384459
1,2,0.0157302796274622,-2.45107063187284,-0.395631825253813,-7.40005250569377,0.0216767083762859,-0.0470298696733398,0.136018685443625,0.112294385816774,-0.281420987737293,0.159579609417517
1,3,0.178677354165104,-2.50453298279112,-0.382345436904425,-7.43832215917056,-0.0295207476220214,0.115917204864302,0.0825563345253477,0.125580774166162,-0.31969064121408,0.10838215341921
1,4,0.0743209622929404,-2.80061171346662,-0.357489116363031,-7.02492234301778,0.0561799989922841,0.0115608129921383,-0.213522396150147,0.150437094707556,0.0937091749386978,0.194082900033515
1,5,0.218380975406678,-2.13586170041356,-0.557797927666133,-7.23291695429701,0.163696697113859,0.155620826105876,0.451227616902907,-0.0498717165955459,-0.114285436340532,0.30159959815509
1,6,-0.213031028709846,-2.03656138634147,-0.433140050213509,-6.84679622219546,-0.06227455606653,-0.275791178010648,0.550527930975001,0.0747861608570778,0.271835295761019,0.075628344974701
1,7,0.0168676178926267,-2.33083926924787,-0.522477336637095,-7.07739452877945,-0.043533450773914,-0.0458925314081753,0.256250048068599,-0.0145511255665077,0.0412369891770261,0.094369450267317
1,8,-0.20975223366341,-1.91709437940492,-0.551996175046376,-6.96367920321708,-0.170511339052037,-0.272512382964212,0.669994937911544,-0.0440699639757889,0.154952314739401,-0.032608438010806
1,9,0.140833800952151,-2.73890983171201,-0.541884543884244,-6.72320909741984,-0.482497418769112,0.0780736516513494,-0.151820514395545,-0.0339583328136565,0.395422420536637,-0.344594517727881
1,10,-0.110579214774691,-2.66412097870425,-0.493502003853623,-7.17382763857385,-0.0613267721438702,-0.173339364075493,-0.0770316613877786,0.0144242072169639,-0.0551961206173717,0.0765761288973609
1,11,0.114793287936178,-1.67801475779209,-0.679346592173144,-7.86247272097517,-0.220158428640582,0.052033138635376,0.909074559524373,-0.171420381102557,-0.743841203018694,-0.0822555275993511
1,12,0.21177120189248,-3.09760533673004,-0.440889508733692,-7.74925434955556,-0.352501000097905,0.149011052591677,-0.510516019413571,0.0670367023368949,-0.630622831599082,-0.214598099056674
1,13,-0.0407344064039002,-3.08280312216784,-0.509489342120321,-7.47943984499368,-0.0938916030546573,-0.103494555704702,-0.495713804851374,-0.0015631310497336,-0.360808327037205,0.0440112979865738
1,14,-0.00103050066639895,-2.08446395479884,-0.493432836446536,-6.47851706966196,-0.204214838058763,-0.063790649967201,0.502625362517626,0.0144933746240513,0.640114448294523,-0.0663119370175314
1,15,0.201185070950365,-2.45507361036366,-0.507025223520626,-7.7216677715784,0.22856682584849,0.138424921649563,0.132015706952806,0.000900987549961263,-0.603036253621923,0.366469726889721
1,16,0.0390575838612457,-2.21472705091275,-0.434646391940709,-7.21577085212363,-0.345764380258998,-0.0237025654395563,0.372362266403717,0.0732798191298779,-0.097139334167152,-0.207861479217767
1,17,0.15993313509183,-2.74668446720319,-0.557937844387185,-7.15232079101123,-0.248099111704998,0.0971729857910277,-0.159595149886726,-0.0500116333165977,-0.0336892730547476,-0.110196210663767
1,18,0.176164490072815,-2.88781911237876,-0.586334306572574,-7.08885859745238,-0.264574864441567,0.113404340772013,-0.30072979506229,-0.0784080955019869,0.0297729205040964,-0.126671963400336
1,19,0.170715647166429,-2.44615668158712,-0.477736492263883,-7.34408212559471,-0.340955760290301,0.107955497865627,0.140932635729353,0.0301897188067037,-0.225450607638227,-0.20305285924907
1,20,0.456114421974909,-2.63653606946716,-0.410128439195248,-7.13618573948859,0.149564406746048,0.393354272674107,-0.0494467521506867,0.0977977718753387,-0.0175542215321096,0.287467307787279
1,21,0.292359470632456,-3.17694035313279,-0.415489663623393,-6.90048204514475,-0.39494333179159,0.229599321331654,-0.589851035816322,0.0924365474471938,0.218149472811735,-0.257040430750359
1,22,-0.00408989936189921,-2.64858900814744,-0.600511686902783,-7.79166500622473,0.0653239115700228,-0.0668500486627013,-0.061499690830972,-0.0925854758321959,-0.673033488268254,0.203226812611254
1,23,0.214101191600746,-1.91645621146686,-0.498409940974317,-7.32297178515858,-0.333635512589335,0.151341042299944,0.670633105849612,0.00951627009626982,-0.204340267202102,-0.195732611548104
1,24,-0.118213757676844,-2.1695279347606,-0.422381976916079,-6.31587334460766,-0.064989906316978,-0.180973906977646,0.417561382555868,0.085544234154508,0.802758173348821,0.0729129947242531
1,25,0.202912404151433,-2.92766753789889,-0.56341183719145,-7.116917716729,-0.0346842190979792,0.140152254850631,-0.340578220582422,-0.0554856261208632,0.00171380122747777,0.103218681943252
1,26,-0.105709775196353,-3.14833948302519,-0.43096113615722,-7.11101477251889,-0.395883858477433,-0.168469924497155,-0.561250165708724,0.0769650749133667,0.00761674543758772,-0.257980957436202
1,27,0.236002929988219,-2.3799910163603,-0.62381581194242,-7.35527832761482,-0.180374779358355,0.173242780687417,0.20709830095617,-0.115889600871833,-0.236646809658343,-0.0424718783171239
1,28,-0.0299935976226362,-2.43364760561993,-0.568165282880325,-7.60871659685716,-0.312141075447267,-0.0927537469234382,0.153441711696535,-0.0602390718097375,-0.490085078900679,-0.174238174406036
1,29,0.178797945790421,-1.96325895323392,-0.595778318848918,-7.25963830597538,0.0170537146292373,0.116037796489619,0.623830364082547,-0.0878521077783304,-0.141006788018897,0.154956615670468
1,30,-0.0992351790480753,-2.56339371549533,-0.394008808974063,-7.28392866393989,-0.1438600583299,-0.161995328348877,0.0236956018211347,0.113917402096525,-0.16529714598341,-0.00595715728866875
1,31,0.099990629260443,-3.00730395506712,-0.474689949018443,-6.92033304290227,-0.57202522121645,0.037230479959641,-0.420214637750648,0.0332362620521444,0.198298475054207,-0.434122320175219
1,32,0.0547905042474548,-2.99939606622687,-0.458371894284644,-7.44592610389931,-0.324134811571795,-0.0079696450533472,-0.412306748910399,0.0495543167859429,-0.327294585942827,-0.186231910530564
1,33,0.0185071074962967,-2.13887274773159,-0.553479426404151,-6.80247388538642,-0.155499895717359,-0.0442530418045054,0.448216569584877,-0.0455532153335636,0.316157632570064,-0.0175969946761279
1,34,0.00349410103276868,-2.62048370257889,-0.539509048626431,-6.77397839437413,-0.00564875364911839,-0.0592660482680334,-0.0333943852624232,-0.0315828375558438,0.34465312358235,0.132254147392113
1,35,0.100522709226315,-2.13962455622099,-0.56332398955611,-6.93962581808038,-0.193680932167008,0.0377625599255128,0.447464761095475,-0.0553977784855226,0.179005699876098,-0.0557780311257766
1,36,0.310405361562035,-2.03829476859002,-0.511732019748314,-7.06278251955967,-0.228743109402719,0.247645212261233,0.548794548726446,-0.00380580867772706,0.0558489983968107,-0.0908402083614883
1,37,0.200055135409325,-2.19517400064682,-0.460360142279266,-7.43036255128612,-0.0187230312073376,0.137294986108523,0.391915316669652,0.047566068791321,-0.311731033329644,0.119179869833893
1,38,0.0775892397027489,-2.88823248531219,-0.551278014821855,-7.22030325395399,0.128123542361488,0.0148290904019469,-0.301143167995725,-0.0433518037512681,-0.101671735997511,0.266026443402719
1,39,0.0272663823030907,-3.49132412271993,-0.550137208832934,-7.41553459547824,0.0279150007302014,-0.0354937669977114,-0.904234805403461,-0.0422109977623465,-0.29690307752176,0.165817901771432
1,40,0.299344955339639,-3.4077585381004,-0.586049402872274,-6.81413682719089,-0.518412644547124,0.236584806038837,-0.820669220783931,-0.0781231918016874,0.304494690765588,-0.380509743505893
1,41,0.109595126277509,-2.50852394332701,-0.499279428339438,-6.75775086324439,0.0557809425848503,0.0468349769767069,0.0785653739894596,0.00864678273114916,0.360880654712088,0.193683843626081
1,42,0.25642584581,-2.70988042220586,-0.52301433478529,-7.2736523301671,-0.137669944956452,0.193665696509198,-0.122791104889389,-0.0150881237147027,-0.155020812210618,0.000232956084778635
1,43,0.0983223827648119,-2.41850080832002,-0.401802601107521,-6.58767257199368,-0.12819249758821,0.0355622334640098,0.168588508996444,0.106123609963066,0.530958945962801,0.00971040345302096
1,44,0.275116238233378,-3.25316730261966,-0.483287000666565,-6.7067351579596,-0.612927352295159,0.212356088932576,-0.666077985303196,0.0246392104040221,0.411896359996881,-0.475024451253928
1,45,0.0452969410092729,-2.49175416966591,-0.56228142078024,-7.3653602423878,0.0610411777405694,-0.0174632082915291,0.0953351476505602,-0.054355209709653,-0.246728724431325,0.1989440787818
1,46,0.0151734155183118,-3.15175250258955,-0.497047098247466,-7.34391123263836,0.112441907107635,-0.0475867337824902,-0.564663185273079,0.0108791128231208,-0.225279714681879,0.250344808148866
1,47,-0.26301798283418,-2.53878885205015,-0.529298733484589,-7.06581840326557,-0.0227934917738318,-0.325778132134982,0.0483004652663177,-0.0213725224140014,0.0528131146909114,0.115109409267399
1,48,-0.0355148833657243,-2.90234626528852,-0.498312384237811,-6.31197555800003,-0.295317113786382,-0.0982750326665263,-0.31525694797205,0.00961382683277645,0.806655959956454,-0.157414212745151
1,49,-0.0616102589368617,-2.18270154823612,-0.435899410455607,-7.08049232916415,-0.358594468333812,-0.124370408237664,0.404387769080346,0.0720268006149797,0.0381391887923268,-0.22069156729258
1,50,0.276680895091916,-2.2756820233935,-0.456900929642088,-7.09109416896232,-0.0524853713195186,0.213920745791114,0.311407293922967,0.0510252814284988,0.0275373489941613,0.0854175297217125
1,51,0.0971858511430709,-3.67038195299373,-0.492849001373312,-7.1668899255696,-0.246228357074951,0.0344257018422688,-1.08329263567726,0.0150772096972756,-0.0482584076131207,-0.10832545603372
1,52,-0.180040699383256,-2.48253116571155,-0.58388236358293,-7.47282921619221,-0.300869435049372,-0.242800848684058,0.10455815160492,-0.0759561525123426,-0.354197698235726,-0.162966534008141
1,53,0.108883090142317,-2.55716815823476,-0.504966721362924,-7.00864206683912,-0.0815899517087472,0.0461229408415151,0.0299211590817068,0.00295948970766302,0.109989451117363,0.0563129493324839
1,54,0.0249574129370056,-3.66012246953769,-0.511238643442672,-7.77139528243798,-0.34733927706009,-0.0378027363637965,-1.07303315222122,-0.00331243237208501,-0.652763764481503,-0.209436376018858
1,55,-0.0431078330079737,-3.26541020261373,-0.51055886661569,-7.08188992839858,0.0876322562244087,-0.105867982308776,-0.678320885297258,-0.0026326555451025,0.0367415895579004,0.22553515726564
1,56,0.0684553138031283,-3.28149926609975,-0.534020583128811,-7.28661581136168,-0.102200913374492,0.00569516450232629,-0.694409948783285,-0.0260943720582234,-0.167984293405195,0.0357019876667394
1,57,0.214631454946533,-2.89653773152343,-0.470748267830504,-6.97744150789083,-0.304384053840256,0.151871305645731,-0.30944841420696,0.0371779432400831,0.141190010065649,-0.166481152799025
1,58,0.0951934483933001,-3.30206998560251,-0.436519005643779,-6.57779179135168,0.260623934805754,0.0324332990924981,-0.714980668286045,0.0714072054268083,0.540839726604799,0.398526835846985
1,59,0.118346707145493,-2.14190146276586,-0.436125912808876,-7.22517294322718,-0.599849391890984,0.0555865578446913,0.44518785455061,0.0718002982617109,-0.106541425270704,-0.461946490849753
1,60,0.077604139046914,-2.94139755559293,-0.515525779851381,-7.06644362539073,-0.0672109240828623,0.014843989746112,-0.354308238276461,-0.00759956878079382,0.0521878925657537,0.0706919769583688
1,61,-0.00280904779181729,-2.19930983625967,-0.491758638516714,-6.75304390127989,0.0937592877393658,-0.0655691970926193,0.387779481056795,0.0161675725538734,0.365587616676587,0.231662188780597
1,62,-0.0136055073430184,-3.04736552150086,-0.399490340407199,-7.99274680477612,-0.219814977103466,-0.0763656566438204,-0.460276204184391,0.108435870663388,-0.874115286819641,-0.081912076062235
1,63,-0.0825547582920438,-2.50513566961782,-0.332254633531803,-6.92948940307279,0.24414730782229,-0.145314907592846,0.0819536476986524,0.175671577538784,0.18914211488369,0.382050208863521
1,64,0.106283838390338,-2.04933733762826,-0.355117300442001,-8.4420001087312,-0.302573491945272,0.0435236890895357,0.53775197968821,0.152808910628586,-1.32336859077472,-0.164670590904041
1,65,-0.0893114287096536,-3.27902159766465,-0.601329027307168,-6.40718843914498,-0.220293403159454,-0.152071578010456,-0.691932280348178,-0.093402816236581,0.711443078811497,-0.0823905021182226
1,66,-0.1862095690423,-2.70849654036973,-0.535085934374241,-7.08854436888496,-0.426497103971497,-0.248969718343102,-0.121407223053258,-0.0271597233036535,0.0300871490715151,-0.288594202930266
1,67,-0.0591277880839889,-2.99273303794248,-0.472320277932341,-7.0284031806005,-0.102111728994702,-0.121887937384791,-0.405643720626014,0.0356059331382462,0.0902283373559847,0.0357911720465296
1,68,0.00194453577944736,-3.09288939502398,-0.476217617978445,-6.69516356270782,-0.120464560719958,-0.0608156135213547,-0.505800077707509,0.0317085930921423,0.423467955248658,0.0174383403212734
1,69,-0.0790286470202362,-1.87881792166297,-0.513642238790802,-7.2220961682106,-0.341834826545165,-0.141788796321038,0.708271395653496,-0.00571602772021462,-0.103464650254122,-0.203931925503934
1,70,0.0565489756291145,-1.82465839411076,-0.460190755017076,-6.89873243233439,-0.0992344933241484,-0.0062111736716875,0.762430923205706,0.047735456053511,0.219899085622091,0.0386684077170827
1,71,0.104399247359715,-3.1296405344663,-0.532594110841747,-7.315604286542,-0.436922950311484,0.0416390980589128,-0.542551217149831,-0.0246678997711604,-0.196972768585522,-0.299020049270253
1,72,-0.0867959044483068,-2.10140950866474,-0.572130043899378,-7.24753552190923,-0.109305091727732,-0.149556053749109,0.485679808651724,-0.0642038328287914,-0.128904003952751,0.0285978093134993
1,73,-0.0178552274801901,-2.76365451562053,-0.623748021358945,-6.87753964555717,-0.305479046146879,-0.0806153767809921,-0.176565198304058,-0.115821810288358,0.241091872399308,-0.167576145105648
1,74,0.0984030073740125,-2.40815463806164,-0.464777042261991,-7.55439265584578,-0.0212599892671146,0.0356428580732105,0.178934679254828,0.0431491688085959,-0.435761137889305,0.116642911774117
1,75,0.0594848357526485,-3.06757657047467,-0.445294782410783,-7.23729256153413,-0.506583132131266,-0.00327531354815355,-0.480487253158199,0.0626314286598041,-0.118661043577655,-0.368680231090035
1,76,-0.101308250877907,-2.76654728497372,-0.40306526578491,-7.08887446827077,-0.353251887049175,-0.164068400178709,-0.179457967657251,0.104860945285677,0.0297570496857089,-0.215348986007944
1,77,-0.0297336934415297,-2.76937067825762,-0.466792322825289,-6.8671517476349,-0.203195403394988,-0.0924938427423317,-0.182281360941148,0.0411338882452983,0.251479770321575,-0.0652925023537565
1,78,0.192690740320476,-2.28152808109366,-0.560549943151298,-6.63730882095784,-0.129962217617168,0.129930591019674,0.305561236222806,-0.0526237320807112,0.481322696998638,0.00794068342406268
1,79,0.0984395490953649,-2.62474540150054,-0.441192175133136,-7.18373095826492,-0.152591426906704,0.0356793997945628,-0.0376560841840763,0.0667340359374511,-0.0650994403084422,-0.0146885258654731
1,80,0.311696793389336,-2.27413691537261,-0.506698699944789,-6.91310636542096,-0.153114488746174,0.248936644088534,0.312952401943854,0.00122751112579822,0.205525152535523,-0.0152115877049434
1,81,0.23556002033159,-2.13290675158401,-0.432093374765461,-6.85584122344383,-0.377124712555544,0.172799871030788,0.454182565732461,0.0758328363051263,0.262790294512648,-0.239221811514312
1,82,0.125575053874656,-2.11966635261871,-0.32185788379251,-6.79731800275882,-0.459246136106614,0.0628149045738544,0.467422964697757,0.186068327278077,0.321313515197657,-0.321343235065383
1,83,0.059504988023944,-1.97264530703258,-0.555506343566063,-7.20454610031888,-0.298295088958014,-0.00325516127685808,0.614444010283885,-0.0475801324954757,-0.0859145823624008,-0.160392187916783
1,84,0.0959035369671095,-2.27964526377148,-0.588379230522501,-7.56979039779911,0.0498369742644026,0.0331433876663075,0.307444053544985,-0.0804530194519142,-0.451158879842635,0.187739875305634
1,85,0.0396903490225628,-2.72271055400836,-0.635211291247697,-7.16153029607264,0.0415265209831686,-0.0230698002782392,-0.135621236691887,-0.12728508017711,-0.0428987781161627,0.1794294220244
1,86,0.215828686803399,-3.0046866693808,-0.70788097527174,-6.81708356033437,-0.0790887156742419,0.153068537502597,-0.417597352064336,-0.199954764201153,0.301547957622112,0.0588141853669892
1,87,0.128953401957977,-2.14156913416688,-0.55811520542904,-7.67102421771755,-0.00686521905226531,0.066193252657175,0.445520183149584,-0.050188994358453,-0.552392699761068,0.131037681988966
1,88,0.254473530687195,-3.21813934340617,-0.492824762976244,-7.33601981843782,-0.562905211478119,0.191713381386393,-0.631050026089698,0.0151014480943433,-0.21738830048134,-0.425002310436888
1,89,0.0288173871834258,-2.3575717812131,-0.693898422585023,-6.2786409884077,-0.44217570490692,-0.0339427621173762,0.229517536103367,-0.185972211514436,0.839990529548781,-0.304272803865689
1,90,0.0689198679141819,-2.88845467476008,-0.494915707529687,-7.30773954743764,-0.513792069481442,0.00615971861337981,-0.301365357443613,0.0130105035408998,-0.189108029481162,-0.375889168440211
1,91,-0.1205116362894,-2.81841442379552,-0.483468362712401,-7.37231830910001,0.0107888844287556,-0.183271785590202,-0.231325106479055,0.0244578483581857,-0.253686791143532,0.148691785469987
1,92,0.136270939957025,-2.08461129216362,-0.436439776308738,-6.61698484801295,-0.193029865034564,0.0735107906562226,0.502478025152852,0.0714864347618496,0.501646669943534,-0.0551269639933328
1,93,0.0921114172235148,-2.7488540928902,-0.507955078576311,-7.14996749207666,-0.0299084905374359,0.0293512679227128,-0.161764775573731,-2.88675057235066e-5,-0.0313359741201786,0.107994410503795
1,94,0.178289166283928,-2.7432257563986,-0.559935594724665,-7.5064556240158,0.295024445374517,0.115529016983126,-0.156136439082135,-0.052009383654078,-0.387824106059318,0.432927346415749
1,95,-0.0596015280115505,-2.88687668719375,-0.399267086929632,-6.92349655855979,-0.220606029719742,-0.122361677312353,-0.299787369877278,0.108659124140955,0.195134959396692,-0.0827031286785107
1,96,0.0650051840757337,-1.78923356798048,-0.530702389380625,-7.54363634008726,0.0453705289934987,0.00224503477493165,0.797855749335992,-0.0227761783100374,-0.425004822130784,0.18327343003473
1,97,0.16072509943828,-1.73077828639598,-0.594710565098351,-7.0020653953607,0.0831637599915624,0.097964950137478,0.856311030920492,-0.0867843540277642,0.116566122595782,0.221066661032793
1,98,0.127825470766274,-1.83866107123096,-0.503321184823759,-7.23823666701127,0.31868487209517,0.0650653214654717,0.748428246085509,0.00460502624682813,-0.119605149054793,0.456587773136401
1,99,0.31048170722657,-2.72441875734909,-0.696532566485995,-6.72726140834566,-0.196016896676172,0.247721557925768,-0.137329440032624,-0.188606355415408,0.391370109610825,-0.0581139956349405
1,100,0.076344288755964,-2.30394301700628,-0.428373057272779,-7.24955855604826,0.00257339021874527,0.013584139455162,0.283146300310193,0.0795531537978083,-0.13092703809178,0.140476291259976
1,101,0.041264873111055,-2.56762142085365,-1.34493086133254,-5.82161589070115,-0.0109318084610496,-0.021495276189747,0.404200512092806,-0.123248483696852,-0.240736200130896,0.126971092580181
1,102,0.0856540176379656,-3.20596975146401,-1.22281837930412,-5.58032543278305,0.0878418342157287,0.0228938683371636,-0.234147818517555,-0.00113600166842898,0.0005542577871962,0.22574473525696
1,103,0.0225226276191623,-2.96992701658392,-1.26627517833508,-5.8285693355244,-0.239660698207143,-0.0402375216816397,0.00189491636253836,-0.0445928006993892,-0.247689644954154,-0.101757797165912
1,104,-0.127307119059489,-3.02371696481095,-1.24333986013161,-5.48322856922359,-0.0412196343672668,-0.190067268360291,-0.0518950318644871,-0.0216574824959186,0.0976511213466633,0.0966832666739642
1,105,0.0214284811187573,-3.79559371943127,-1.22244116634596,-5.7723158884991,-0.0143199872319891,-0.0413316681820447,-0.823771786484813,-0.00075878871027335,-0.191436197928853,0.123582913809242
1,106,0.00990363683640322,-2.47066058820132,-1.11075119327869,-5.92881629433891,-0.180147834788274,-0.0528565124643988,0.501161344745137,0.110931184357,-0.347936603768659,-0.042244933747043
1,107,0.0491915494374068,-3.31900114529023,-1.29470601982437,-5.73936696327462,-0.0996194568740886,-0.0135685998633952,-0.347179212343767,-0.0730236421886785,-0.158487272704373,0.0382834441671425
1,108,-0.0230270984079283,-2.16854792586324,-1.20594596578224,-5.57031116088018,-0.0786068782723522,-0.0857872477087303,0.803274007083223,0.0157364118534513,0.0105685296900671,0.0592960227688789
1,109,0.260786283823622,-2.33804039820078,-1.1459827037527,-5.77708531271237,-0.736316705181925,0.19802613452282,0.633781534745678,0.0756996738829954,-0.196205622142123,-0.598413804140694
1,110,0.0640902073987023,-2.5767542326328,-1.18754382459093,-5.85308606302087,-0.148485337047329,0.00133005809790029,0.39506770031366,0.0341385530447647,-0.272206372450621,-0.0105824360060981
1,111,-0.0485583890679708,-2.37203899250869,-1.46734631549517,-5.82792823063061,-0.451544885372916,-0.111318538368773,0.599782940437772,-0.245663937859476,-0.247048540060356,-0.313641984331685
1,112,0.0851595302589396,-3.3069370316118,-1.16878654802005,-5.32571367593033,-0.0478612757737502,0.0223993809581376,-0.335115098665341,0.0528958296156412,0.25516601463992,0.0900416252674809
1,113,0.313524642663034,-2.79091103495494,-1.13414614575369,-5.75423654424222,-0.148176005621783,0.250764493362232,0.18091089799152,0.0875362318819963,-0.173356853671966,-0.0102731045805521
1,114,-0.131067996488629,-3.04516198698423,-1.19047859707559,-5.34896430431473,-0.042236055346009,-0.193828145789431,-0.0733400540377724,0.0312037805600991,0.231915386255519,0.0956668456952221
1,115,0.0992592423339448,-3.72683426785667,-1.28742534359957,-6.2355275716843,-0.291043710556537,0.0364990930331427,-0.755012334910208,-0.0657429659638762,-0.654647881114053,-0.153140809515305
1,116,0.220538003108393,-2.49714877272074,-1.00314326569302,-5.79696796286621,-0.434039140156862,0.157777853807591,0.474673160225723,0.218539111942673,-0.216088272295964,-0.296136239115631
1,117,-0.128630950799342,-2.39790435103242,-1.27020296711092,-6.02050486821866,-0.159966250818871,-0.191391100100144,0.573917581914041,-0.0485205894752276,-0.439625177648414,-0.0220633497776399
1,118,-0.214587975930655,-2.50696811893137,-1.16156257261141,-5.60931208393249,-0.0474550052429366,-0.277348125231457,0.464853814015092,0.0601198050242806,-0.0284323933622375,0.0904478957982944
1,119,0.0615261396917047,-2.17603342280843,-1.15353509754044,-6.08938838595927,0.252642259516862,-0.00123400960909735,0.79578851013803,0.0681472800952512,-0.508508695389025,0.390545160558093
1,120,0.102687049460101,-3.55387634932318,-1.04115547850926,-5.49772634872206,0.123329655352714,0.0399269001592992,-0.58205441637672,0.180526899126434,0.0831533418481847,0.261232556393945
1,121,0.141700508915063,-3.17714548796342,-1.20957904147539,-5.84912932700037,-0.155908737676191,0.0789403596142608,-0.205323555016959,0.0121033361603005,-0.268249636430119,-0.0180058366349597
1,122,-0.138443278319481,-3.52562148683196,-1.20084058483452,-5.80267535248189,-0.00716304547969235,-0.201203427620283,-0.553799553885499,0.020841792801167,-0.221795661911644,0.130739855561539
1,123,0.179386063776975,-2.18103512166105,-1.34206665362551,-5.477909475432,0.12259661470235,0.116625914476173,0.790786811285409,-0.120384275989814,0.102970215138252,0.260499515743581
1,124,0.380539066638474,-2.29990036757805,-1.31166558268214,-6.38334910873576,-0.638844365239171,0.317778917337672,0.671921565368409,-0.0899832050464495,-0.802469418165508,-0.50094146419794
1,125,0.0229683197015621,-3.49244427221941,-1.22422383005702,-5.08945580453761,-0.362352883054595,-0.0397918295992399,-0.520622339272953,-0.0025414524213252,0.491423886032637,-0.224449982013364
1,126,-0.0365521538638983,-2.80729983031805,-1.11678983267711,-5.81983477479793,-0.380532714755646,-0.0993123031647003,0.16452210262841,0.104892544958584,-0.238955084227683,-0.242629813714415
1,127,0.041104973183642,-2.53238509200186,-1.33876437668875,-5.49653299740541,-0.297744562737783,-0.0216551761171601,0.439436840944598,-0.117081999053056,0.0843466931648411,-0.159841661696552
1,128,0.119305237789805,-3.05779438906227,-1.23417090998225,-5.29937325837823,0.0697906814852942,0.0565450884890031,-0.0859724561158108,-0.0124885323465591,0.281506432192015,0.207693582526525
1,129,0.349891324764617,-3.1355127008087,-1.05809628626974,-5.832515174621,-0.238101003455105,0.287131175463815,-0.163690767862236,0.163586091365949,-0.251635484050748,-0.100198102413873
1,130,-0.116936867686154,-3.29487939451446,-1.29008714721391,-5.87807116654179,-0.00817990322848878,-0.179697016986957,-0.323057461568002,-0.0684047695782168,-0.297191475971536,0.129722997812742
1,131,0.153177044664386,-2.33621111967571,-1.18896837270693,-5.61805527265282,0.107948716693744,0.0904168953635836,0.635610813270747,0.0327140049287571,-0.0371755820825754,0.245851617734975
1,132,0.205105103077284,-2.82719026586052,-1.25327855897327,-5.39396603492892,-0.0890309834963938,0.142344953776481,0.144631667085944,-0.0315961813375829,0.186913655641327,0.0488719175448372
1,133,-0.0225088730018623,-2.55824012241527,-1.24421000510453,-4.88225995912903,0.255658459519972,-0.0852690223026644,0.413581810531193,-0.0225276274688369,0.698619731441221,0.393561360561203
1,134,-0.0805770434135446,-2.54705134152672,-1.23019358171579,-6.4170406216411,-0.0284019953831126,-0.143337192714347,0.424770591419738,-0.00851120408010342,-0.836160931070853,0.109500905658118
1,135,0.010703695191787,-3.56999891066851,-1.24160094620202,-5.53394265416469,-0.196687827636668,-0.0520564541090151,-0.598176977722046,-0.019918568566333,0.0469370364055637,-0.0587849265954369
1,136,0.21779872538954,-2.42283654011432,-1.20049245591154,-5.35666413441783,0.0120841895805986,0.155038576088738,0.548985392832138,0.0211899217241478,0.224215556152415,0.14998709062183
1,137,0.270877773042074,-3.06545361383267,-1.20032550353259,-5.98357213879508,0.0596466106411405,0.208117623741272,-0.0936316808862143,0.0213568741031018,-0.402692448224826,0.197549511682372
1,138,-0.00428323403439661,-2.55858843831203,-1.25226648676253,-5.16256985258631,-0.436298220380998,-0.0670433833351986,0.413233494634431,-0.0305841091268346,0.418309837983935,-0.298395319339767
1,139,0.111692582639332,-2.25087217575573,-1.24734006107064,-5.06351802712937,-0.0973824194860996,0.0489324333385295,0.720949757190734,-0.0256576834349458,0.517361663440881,0.0405204815551315
1,140,-0.154996067112996,-3.45581812988428,-1.2207931329252,-5.58003076144944,0.0213350701287138,-0.217756216413798,-0.48399619693782,0.000889244710496007,0.000848929120806474,0.159237971169945
1,141,0.0774067844010916,-2.56554217965781,-1.38891466112426,-6.29675167468775,-0.0602303351128659,0.0146466351002895,0.406279753288653,-0.16723228348857,-0.715871984117504,0.0776725659283652
1,142,-0.0237458961716692,-3.27594064592648,-1.24497654165008,-5.78422271963474,-0.282996072585682,-0.0865060454724712,-0.304118712980018,-0.0232941640143931,-0.203343029064488,-0.145093171544451
1,143,0.20056104059596,-3.55604141328543,-1.09359374880423,-5.67140902180551,-0.180812648133186,0.137800891295158,-0.584219480338966,0.128088628831461,-0.0905293312352624,-0.0429097470919546
1,144,-0.116721921602445,-2.41090637020314,-1.14599833742723,-4.83639818217396,-0.324456046902719,-0.179482070903247,0.560915562743322,0.0756840402084575,0.744481508396288,-0.186553145861488
1,145,-0.0820866757341473,-3.40786300885559,-1.11852447971168,-5.68757138958101,-0.161538903268082,-0.144846825034949,-0.436041075909126,0.103157897924014,-0.106691699010761,-0.0236360022268507
1,146,-0.0706802739299086,-2.60916616362026,-1.28081051889122,-4.83841356626349,-0.0151661377257724,-0.133440423230711,0.362655769326204,-0.0591281412555311,0.742466124306759,0.122736763315459
1,147,-0.0745005050824183,-2.48204449018864,-0.96648531571611,-5.31567296716886,0.0947085142981214,-0.13726065438322,0.489777442757815,0.255197061919582,0.265206723401391,0.232611415339352
1,148,-0.0633622000196412,-2.30845594835235,-1.37292172033788,-4.91565773962096,-0.178877771149879,-0.126122349320443,0.66336598459411,-0.151239342702189,0.665221950949289,-0.0409748701086484
1,149,-0.0511329151543869,-3.31807622050621,-1.1459359700481,-6.24822853066164,-0.336168657552822,-0.113893064455189,-0.346254287559752,0.0757464075875864,-0.667348840091395,-0.198265756511591
1,150,-0.0825848924472068,-3.60416218953669,-1.53320097637767,-5.62661284314554,-0.286100308691217,-0.145345041748009,-0.632340256590233,-0.311518598741984,-0.0457331525752886,-0.148197407649986
1,151,0.180962986839898,-3.10326540672207,-1.22102488691635,-6.32250154922144,-0.486878069789963,0.118202837539096,-0.131443473775615,0.000657490719343068,-0.741621858651189,-0.348975168748732
1,152,0.00138197997724765,-2.98210895602457,-1.26737273489816,-5.08886720634529,-0.0808751074246386,-0.0613781693235544,-0.0102870230781078,-0.0456903572624676,0.49201248422496,0.0570277936165924
1,153,0.125406920486857,-2.50212160345975,-1.22040569559279,-5.70095093028752,-0.553479565847694,0.0626467711860546,0.469700329486711,0.00127668204289799,-0.120071239717276,-0.415576664806462
1,154,-0.0429858033461724,-3.44054247807522,-1.24499845090062,-6.26708712062422,-0.0759593737420167,-0.105745952646974,-0.468720545128761,-0.0233160732649271,-0.686207430053972,0.0619435272992144
1,155,0.0272644612572134,-3.78228461561256,-1.36469474265655,-5.67739485861951,-0.0273388784211332,-0.0354956880435887,-0.8104626826661,-0.143012365020863,-0.0965151680492564,0.110564022620098
1,156,0.0952377547078103,-3.4508487992087,-1.16947027132695,-6.28942804110172,-0.0722900991265342,0.0324776054070082,-0.47902686626224,0.0522121063087404,-0.708548350531474,0.0656128019146969
1,157,0.265989863307571,-3.0434623757801,-1.42195376291711,-5.97068633073694,-0.442083009295809,0.203229714006769,-0.0716404428336364,-0.200271385281418,-0.389806640166689,-0.304180108254577
1,158,0.0739264099336983,-2.95648186525679,-1.24726065028103,-5.80101216541526,-0.220961825877508,0.0111662606328963,0.015340067689666,-0.0255782726453431,-0.220132474845009,-0.0830589248362769
1,159,0.216410028765977,-3.70152846260488,-1.28742751871847,-5.84077088088511,0.176655563178224,0.153649879465174,-0.729706529658416,-0.0657451410827752,-0.259891190314856,0.314558464219455
1,160,0.212408976085076,-2.72366763952339,-1.37332629900642,-5.59447257403993,-0.190560270976457,0.149648826784274,0.248154293423068,-0.151643921370731,-0.0135928834696788,-0.0526573699352255
1,161,-0.166220986901664,-3.52244382979305,-1.29103866820291,-5.95932534509825,-0.260284299422255,-0.228981136202466,-0.550621896846595,-0.0693562905672225,-0.378445654528004,-0.122381398381024
1,162,0.0829357387008526,-3.94856454113626,-1.05247812362846,-6.13619771987199,-0.441573437270362,0.0201755894000505,-0.976742608189797,0.169204254007232,-0.555318029301744,-0.303670536229131
1,163,0.30787277134412,-3.13189708997847,-1.25970683595756,-5.50532029468863,-0.241631009006874,0.245112622043318,-0.160075157032006,-0.0380244583218716,0.0755593958816201,-0.103728107965643
1,164,0.123650883751534,-2.53275804202484,-1.34291348369621,-5.00080677454969,0.292925163923472,0.0608907344507316,0.439063890921623,-0.121231106060516,0.580072916020562,0.430828064964703
1,165,0.140425221119354,-3.62218774094519,-1.28791055839705,-5.71510096830973,-0.0148763118100023,0.0776650718185516,-0.650365807998727,-0.0662281807613552,-0.13422127773948,0.123026589231229
1,166,0.200669479198871,-2.98867381596139,-1.2461320745848,-5.78895547008581,0.408987772257231,0.137909329898069,-0.0168518830149282,-0.0244496969491068,-0.208075779515563,0.546890673298462
1,167,-0.234197619059379,-3.09273509371325,-1.42374768344604,-5.60595480358418,0.175150322410425,-0.296957768360181,-0.120913160766793,-0.202065305810348,-0.0250751130139335,0.313053223451657
1,168,0.306022379786767,-3.09884129553402,-1.22079571703188,-5.4114202873417,-0.136804003812467,0.243262230485965,-0.127019362587557,0.000886660603811373,0.169459403228551,0.00109889722876358
1,169,0.131547399146458,-3.08016940935037,-1.13328892314595,-5.46615618250092,-0.186430024711801,0.0687872498456563,-0.108347476403913,0.0883934544897449,0.114723508069334,-0.0485271236705695
1,170,-0.0113273803284637,-2.64336569714423,-1.23271519827862,-5.25105770642919,0.121747632129684,-0.0740875296292658,0.328456235802225,-0.0110328206429242,0.329821984141055,0.259650533170915
1,171,-0.0768812844312415,-2.94480595484988,-1.4062029067198,-5.02632875079445,-0.196025292373188,-0.139641433732044,0.0270159780965842,-0.184520529084108,0.5545509397758,-0.0581223913319573
1,172,0.0758321236077709,-2.63753197188953,-1.32088795872174,-5.66971461936407,0.0491462580385559,0.0130719743069689,0.334289961056932,-0.0992055810860473,-0.0888349287938199,0.187049159079787
1,173,0.0782547340153003,-2.2866546053673,-1.18551643444852,-5.3146065754537,0.128220252741423,0.0154945847144983,0.685167327579163,0.0361659431871699,0.266273115116551,0.266123153782654
1,174,-0.000770959496216056,-2.78712478170894,-1.15831295897933,-5.2767074483193,-0.115751208157719,-0.0635311087970181,0.184697151237524,0.0633694186563611,0.304172242250949,0.0221516928835124
1,175,0.0293056353825386,-2.2245475348163,-1.31001824787434,-4.96955046532741,-0.200119997476839,-0.0334545139182634,0.747274398130162,-0.0883358702386532,0.611329225242841,-0.0622170964356081
1,176,0.0248624837746447,-2.39737785212433,-1.25955445734819,-5.82558580776463,-0.167131020156272,-0.0378976655261573,0.574444080822133,-0.0378720797124972,-0.244706117194381,-0.0292281191150405
1,177,0.0273261163792167,-2.90394535918033,-1.26049090951366,-5.69025991942984,-0.347347025948997,-0.0354340329215853,0.0678765737661267,-0.0388085318779672,-0.109380228859586,-0.209444124907766
1,178,0.176533062795295,-2.69842393791785,-1.04668302583806,-5.85868108417914,-0.0709002454507535,0.113772913494493,0.273397995028605,0.174999351797634,-0.277801393608888,0.0670026555904776
1,179,0.241665065670224,-2.37576499802126,-1.14879273095202,-5.2756836479879,-0.334000397170601,0.178904916369422,0.596056934925198,0.0728896466836697,0.305196042582351,-0.19609749612937
1,180,0.0468535574944845,-3.03212104573962,-1.20681165966323,-5.29391278645101,-0.240179883105657,-0.0159065918063175,-0.0602991127931589,0.0148707179724663,0.286966904119241,-0.102276982064426
1,181,0.113656370291867,-3.29240739512656,-1.10370838884696,-5.43151387776075,-0.08922085725307,0.0508962209910654,-0.320585462180104,0.11797398878873,0.149365812809501,0.048682043788161
1,182,-0.0258779991906478,-3.11298647777154,-1.15092395755482,-5.25044029048791,-0.0804632376879026,-0.0886381484914498,-0.141164544825084,0.0707584200808695,0.330439400082338,0.0574396633533285
1,183,0.0194799802622896,-3.04076120657193,-1.11367347391764,-5.2012014023283,-0.131195519690361,-0.0432801690385125,-0.0689392736254724,0.108008903718054,0.379678288241949,0.00670738135086965
1,184,0.402276951915923,-2.91534080021622,-1.24631988005745,-5.22422396956575,-0.281153471735263,0.339516802615121,0.0564811327302355,-0.0246375024217576,0.356655721004498,-0.143250570694031
1,185,0.144047582489775,-3.50248315340276,-1.29379298250102,-6.18454145855332,0.323979663353808,0.0812874331889726,-0.5306612204563,-0.0721106048653328,-0.603661767983068,0.461882564395039
1,186,-0.000903083176821903,-3.73249234299047,-1.19956380103259,-5.47649842132666,-0.232600999162354,-0.0636632324776239,-0.760670410044009,0.0221185766031033,0.104381269243589,-0.0946980981211232
1,187,0.298740445979165,-2.14867822921825,-1.22119448643516,-6.5132004025409,-0.158159237829308,0.235980296678363,0.823143703728206,0.000487891200526391,-0.932320711970648,-0.0202563367880771
1,188,0.0948428035448195,-2.68179230956304,-1.20605450055372,-6.04114871467946,-0.097881311725968,0.0320826542440174,0.290029623383424,0.0156278770819747,-0.460269024109214,0.040021589315263
1,189,-0.162215209585856,-2.97453901796129,-1.19855292052929,-5.39574393464014,-0.094740162811954,-0.224975358886658,-0.00271708501483481,0.0231294571064047,0.185135755930106,0.0431627382292771
1,190,0.282021919467896,-2.75005068503505,-1.25335792811521,-5.6446879902429,0.0609514905271798,0.219261770167094,0.221771247911412,-0.0316755504795172,-0.0638082996726501,0.198854391568411
1,191,0.0466732765831328,-3.66236327269625,-1.06752766673559,-5.60584450637474,-0.147306932141991,-0.0160868727176692,-0.690541339749787,0.1541547109001,-0.0249648158044868,-0.0094040311007601
1,192,0.0405454431593653,-3.70376024784412,-1.16945714118698,-5.34891737807253,-0.372042126765964,-0.0222147061414367,-0.731938314897656,0.052225236448715,0.231962312497719,-0.234139225724733
1,193,-0.018817750991249,-3.10152875289266,-1.23113518045574,-6.02754238640592,-0.07431496209693,-0.081577900292051,-0.129706819946199,-0.00945280282005223,-0.446662695835674,0.0635879389443011
1,194,-0.0171667674593122,-3.04121258687009,-1.13591411267909,-5.52013795534561,-0.269575082956146,-0.0799269167601142,-0.0693906539236289,0.0857682649565981,0.0607417352246378,-0.131672181914915
1,195,0.121826496487742,-2.87100834707386,-1.26877548353702,-5.50970621095706,0.0729073465824853,0.0590663471869397,0.100813585872594,-0.0470931059013331,0.0711734796131855,0.210810247623716
1,196,-0.0608888830969285,-2.79086020970145,-1.22594349661346,-5.11441104859356,0.105753879173248,-0.123649032397731,0.180961723245013,-0.00426111897777282,0.466468641976688,0.243656780214479
1,197,0.0544145315391062,-4.08359104380911,-1.25912732696796,-5.6531311680094,-0.377587588912488,-0.00834561776169582,-1.11176911086265,-0.0374449493322677,-0.0722514774391501,-0.239684687871257
1,198,0.109680562258818,-3.77843341347389,-1.26727503151922,-6.00560550986657,-0.188042103909443,0.0469204129580162,-0.806611480527433,-0.0455926538835241,-0.424725819296323,-0.0501392028682114
1,199,0.417623775498238,-2.23259409499372,-1.25810766153869,-5.5058305878651,0.130035197270431,0.354863626197436,0.739227837952737,-0.0364252839030024,0.0750491027051456,0.267938098311662
1,200,-0.075129680310908,-3.06792750747688,-1.10748769925195,-5.66084464118727,-0.0214708060082309,-0.13788982961171,-0.0961055745304207,0.114194678383744,-0.079964950617021,0.116432095033
