rep,id,phiS,deltaS,phiL,deltaL,deltaA,GROUP
1,1,1.11925814726436,0.0483198908524768,0.568576043525014,1.14007457068284e-5,1.17756994519187,0
2,1,1.08876592951423,0.0493770682885037,0.569148819059055,0.000110690663722982,1.12089782106128,0
3,1,1.06521985250648,0.0475937767310479,0.561449401104468,6.66025627517267e-5,1.13587247191719,0
1,2,1.08757985998117,0.09651819476869,0.561110556897686,0.000328256698772433,0.894357620782303,0
2,2,1.00831913843688,0.0600822033173422,0.56962543998147,0.000154184010570858,1.01802509410408,0
3,2,0.958215877369808,0.0856701907163704,0.56113565258874,1.24855141669002e-5,0.914484553658582,0
1,3,0.992577985676273,0.131533934987076,0.535977452380544,8.74518124721336e-5,0.695536563251465,0
2,3,0.778600606549293,0.0555920732823519,0.527183940020843,2.61824370496843e-5,0.801791318346294,0
3,3,1.06866891416877,0.0729163719883125,0.483571149054626,4.90754544611539e-5,0.737010182681732,0
1,4,0.749308590135172,0.0771725507426808,0.5780397638297,0.000297071897666139,0.833410567262464,0
2,4,1.08901660557549,0.0833672681569516,0.55070795563697,4.96663285282589e-5,0.895406547060391,0
3,4,0.781031856147582,0.122764533069035,0.58920401314233,5.92039470428677e-5,0.718518498262492,0
1,5,1.02685793610012,0.121782643327161,0.551060748533958,0.000218233779892718,1.09091528008498,0
2,5,1.04519885982542,0.0961474711503675,0.625248155028455,1.26220257066423e-5,1.31791919160633,0
3,5,1.17771635794538,0.128370283001693,0.600478503667512,9.29779407554925e-5,1.19820233510713,0
1,6,0.739849873939351,0.0783888713294363,0.584026646304192,0.000113842960535056,0.962817151141869,0
2,6,0.875718935415897,0.0801333728434083,0.593963955819356,0.000141712716612761,1.02366159810739,0
3,6,0.870722249886582,0.053921102956414,0.556409234537306,4.73667719442105e-5,1.12988883580301,0
1,7,1.21521573901176,0.0997770469895078,0.580240170761197,0.000104990066766596,1.05249652641611,0
2,7,1.02986209168684,0.105333212403467,0.52129527965819,0.000186546665355256,0.865956254903335,0
3,7,1.01967490811373,0.107027325521276,0.485374156468541,1.82215774809156e-6,0.785028319441074,0
1,8,0.860933153865077,0.0794244100431571,0.53210860967719,0.000281986491215478,0.928215415173843,0
2,8,1.02024083854837,0.118262468353216,0.554844737009392,0.000125569333843559,0.900710756179988,0
3,8,0.994812377086794,0.078604154285278,0.58984578908532,0.000130922028620004,1.07406374464686,0
1,9,1.50379821773534,0.0667490528540905,0.522015649104678,1.3002761319613e-5,0.656101746487554,0
2,9,1.3191000527725,0.0728619274544056,0.518462159487184,0.000238003351034371,0.623553885972739,0
3,9,1.09387538497744,0.115801470631125,0.56627213059458,0.000112117379278594,0.52739829300022,0
1,10,1.11735766088705,0.03372259942192,0.525641809394847,6.41198450444562e-5,1.11919384325804,0
2,10,0.616672540205002,0.0436338948179769,0.53296936607065,6.57437483558421e-5,0.856083469065883,0
3,10,0.902195379214598,0.0318242448656064,0.518242583797465,0.000272818129253027,1.07214186276856,0
1,11,1.12423810997357,0.303141252031707,0.539155828963861,0.00028930457330307,0.839238599332354,0
2,11,0.963664432140628,0.196856018554857,0.508862054911942,2.68711024729709e-5,0.836573094400813,0
3,11,0.930061667712634,0.135392801867848,0.550177941506267,9.23106193550234e-5,0.935809038681448,0
1,12,1.15492809076693,0.0382732197148967,0.561155790440638,1.01699759027033e-5,0.646984820739392,0
2,12,1.06341449916719,0.0472008728061644,0.635607446311959,0.00319980720534457,0.64326226484758,0
3,12,0.929560660731852,0.0429357866753027,0.54974156917114,7.26450351907249e-5,0.634115228944336,0
1,13,1.22171071914422,0.0536337308482934,0.530800453967789,1.76391455363453e-6,0.899687718116085,0
2,13,1.2786765087571,0.0699549010639149,0.536856633378795,0.000531311398926008,0.823528751776338,0
3,13,1.32427537045263,0.0558837864667426,0.544530517586001,0.00038839138364981,0.919155255924561,0
1,14,1.1058280134224,0.0949270245963223,0.564332350438706,2.04253211618512e-5,0.904513577635253,0
2,14,0.772277367220511,0.0589657528277464,0.488482368756593,0.000318788606224855,0.856418927576615,0
3,14,1.28368038893627,0.102567012347389,0.617795861289642,5.18105764731911e-5,0.962678598105778,0
1,15,0.966187204630593,0.0688080264266952,0.554719472822604,7.18761809037721e-5,1.16539262421887,0
2,15,1.39535648729692,0.0718539391298887,0.532731614594368,3.73769800608794e-5,1.26609694203379,0
3,15,1.09092344942932,0.0851730994995901,0.548586019337078,0.000161791143704336,1.07960606723414,0
1,16,1.01620923098389,0.0540452263638367,0.541906759892789,0.000195653016228067,0.760930107036696,0
2,16,1.08536652820717,0.0993355380656739,0.580332158396359,5.40918716892436e-5,0.715671455905383,0
3,16,1.00132016060009,0.0835570046489228,0.567926568765092,1.4899730199344e-5,0.683721401484871,0
1,17,1.28931017897728,0.0443803467751664,0.624082290135663,0.00133494101339789,0.985123834250642,0
2,17,1.17590938109696,0.0669765439783099,0.561438230694849,0.000469625182549754,0.816414620264035,0
3,17,1.18403431860145,0.0626629621865958,0.570836308751083,0.000103600996026173,0.843042510652153,0
1,18,1.28327068836351,0.0647841735474584,0.561430444432224,3.21832102952347e-5,0.7451195825141,0
2,18,1.33747699939037,0.0658663375931142,0.508029031359225,3.72581522307602e-5,0.717489988053748,0
3,18,1.1156359877316,0.0778724524448009,0.53485266403484,3.81000567441502e-5,0.643148587654625,0
1,19,1.16764625072494,0.0704327317788384,0.546153853168002,0.000209492742022962,0.72820659952045,0
2,19,1.23836050911814,0.10534617684954,0.597200799830385,5.90818847075383e-6,0.672152705201352,0
3,19,1.17597350543984,0.0556735045833148,0.60355097731146,7.57764318166894e-5,0.821730193951804,0
1,20,1.37355498571648,0.0788875407305523,0.546582802033172,1.82472031006986e-5,0.960839087677053,0
2,20,1.13282278579638,0.0662179737962435,0.598826008256654,0.000239137104861285,0.983061580879849,0
3,20,1.45514749609222,0.0778188783036849,0.605512202674442,9.44352963462226e-5,1.03237683380808,0
1,21,1.36618062076563,0.0366363482664856,0.573872048353216,3.23330146574681e-6,0.708164995706551,0
2,21,1.15386347277115,0.050806995185776,0.587706126935726,2.44441092341199e-5,0.571116466757319,0
3,21,0.909092826895189,0.0368439498307876,0.547007098141511,1.90360243920149e-5,0.549971404899489,0
1,22,0.969934000677822,0.0727820050462803,0.522818505129702,1.17984751483312e-5,0.987472364329384,0
2,22,1.01976868078788,0.104393754095914,0.552281234657756,2.2997876094228e-5,0.929845017171832,0
3,22,0.891554959278583,0.0909219079173929,0.612582236462061,8.71952802690645e-7,1.02490051849889,0
1,23,0.722072813709381,0.212665273725527,0.562992797713024,2.41968382564637e-5,0.660156859992564,0
2,23,1.05145134896181,0.154903823191576,0.554845614635376,7.36513636502626e-5,0.679345000394371,0
3,23,1.00472301791231,0.138773186057006,0.576880497943738,0.000128143968159955,0.717665283711178,0
1,24,0.866202334050616,0.0783708074691474,0.558668125985352,3.47944097599661e-5,0.879112682565115,0
2,24,0.927477470857079,0.102511100590368,0.529849893407448,5.11522087897935e-5,0.892763370240606,0
3,24,0.77290565029903,0.0990275165169548,0.579911872387002,6.155518105437e-7,0.883707123573626,0
1,25,1.04395995501773,0.0871674545174949,0.611439057649953,0.000126586490131564,0.794672486268388,0
2,25,1.00767875049968,0.0732861252299259,0.533410748199891,0.000597428382303063,0.759555183094715,0
3,25,0.994833474537763,0.0634261727633055,0.508380811720324,0.000727200099228857,0.783108810984027,0
1,26,1.17552406954757,0.0293942714962158,0.576195792701939,8.00802045177647e-6,0.783301893825678,0
2,26,1.07646752205536,0.0254100275342374,0.536931723297627,0.000157332789932742,0.741581188787295,0
3,26,0.956293066380223,0.0199109348288491,0.534249183247967,0.000595652587014814,0.735700081063961,0
1,27,1.08535499024097,0.110289187239527,0.538517695574181,0.000129757203029344,0.737146510252537,0
2,27,1.19515193495345,0.117629476281666,0.545076578003171,3.59976233296653e-6,0.745667020489262,0
3,27,1.10806791348046,0.0991204313903123,0.565644588114114,0.000143908019397686,0.826908870095494,0
1,28,0.957636883263949,0.0540675326589906,0.558095823491071,7.92666124543869e-6,0.839286527012959,0
2,28,0.885941102407883,0.0210643641018569,0.531372413182147,6.18075927949566e-6,0.971453607151605,0
3,28,1.16463163978044,0.0373663906393341,0.524388047086695,0.00010663937807924,1.0216330621702,0
1,29,1.02620733372404,0.115617406361361,0.51818209748129,7.69063035027197e-6,1.06187850520462,0
2,29,1.01461850892073,0.147528580654765,0.50388656178668,1.8075599908851e-5,0.883807546114783,0
3,29,1.10167546645846,0.155242834271505,0.534586044320835,0.000399561574407612,1.06158920396919,0
1,30,0.795442277919505,0.0546105612795734,0.597971812537591,0.000195051971013293,0.8571097266348,0
2,30,1.13589817902308,0.0391441605050635,0.579543654696552,0.000329017827624467,1.01575443038231,0
3,30,1.04815249231573,0.0487699442860266,0.56038136527064,5.06673060161247e-5,1.02330901756338,0
1,31,1.02227473651114,0.0363325552385471,0.587878869742434,4.9111815759904e-5,0.585169866792695,0
2,31,1.14218072529017,0.0485317472736166,0.620914961650419,0.000330791795862237,0.604204778819191,0
3,31,1.00600690732365,0.035553388589808,0.470419684464405,4.40284392559393e-5,0.54004149631673,0
1,32,1.07892017676946,0.030918382866274,0.578151753584148,0.000214415983426914,0.825651747393489,0
2,32,1.0858766800596,0.0403891402720781,0.58578375698816,8.38905171218603e-5,0.737253217102976,0
3,32,0.998652590015013,0.0392885072386939,0.564232251961427,5.28766560992533e-5,0.725052100334167,0
1,33,1.05359821353093,0.119252305367605,0.571274159132034,2.8144664233653e-5,0.89013076363185,0
2,33,0.982836759760254,0.133536021588685,0.568362962605591,3.91893404862988e-5,0.812526827404446,0
3,33,1.1100909777143,0.149710133921072,0.566929668648653,7.74125150790322e-5,0.833216432330543,0
1,34,0.991229044926942,0.0687372177939496,0.530308208458359,0.000216486343484943,0.994891112583513,0
2,34,1.05472933490884,0.0941344742562039,0.553662795979073,0.000166638032428744,0.904989991422361,0
3,34,1.07500954999548,0.0788809107007826,0.553926555632559,4.26677914692904e-5,0.987607075841282,0
1,35,1.06084259440748,0.100019992903682,0.539857413661723,6.64848376779793e-5,0.893278614399657,0
2,35,0.886380914633553,0.125809494693293,0.540143365348594,0.000724619567920287,0.77883869677061,0
3,35,1.07514279805803,0.0704758458243531,0.556276154273467,6.03422940210446e-5,0.990725155999163,0
1,36,1.21500309505119,0.150549605714928,0.545036795792196,5.19920893521955e-5,0.705163859623824,0
2,36,1.15013037301869,0.0845224107336526,0.490765083919637,6.99883667560517e-5,0.78589112759719,0
3,36,1.14931193208854,0.106081636497584,0.588821373099684,4.16117877600691e-5,0.797961621553295,0
1,37,1.12647574201466,0.079303367875356,0.604649287226471,7.10721026544428e-5,0.990673461149096,0
2,37,1.04006630045221,0.152060399728862,0.550483035792313,0.000355533787412976,0.769951653579685,0
3,37,1.08376668811614,0.106625172905834,0.531922139810885,9.42540925604733e-5,0.839633993138481,0
1,38,0.904853360736584,0.0497275892410052,0.613922607973916,0.000168734453853785,1.19480393191661,0
2,38,1.03096509198304,0.0495656835738426,0.511526273381729,5.49820720361177e-5,1.09788510205167,0
3,38,0.953928983597117,0.0671906223945032,0.574808910057265,2.07070353149176e-5,1.01696767457253,0
1,39,1.04898910702475,0.0472801835778762,0.568156397570197,0.000147185850175957,0.90767044052824,0
2,39,0.793876816999732,0.0392901621127167,0.523453895007884,0.000110778279184476,0.826872532643868,0
3,39,1.06606860489688,0.0389752824352759,0.595313115376955,3.13577764900356e-5,0.996116319268734,0
1,40,1.45693260345846,0.0339618082814361,0.621478266179799,0.000129230129807702,0.675092499426916,0
2,40,1.19885336557324,0.0265942176462863,0.553065279448853,4.56359953802951e-5,0.638416232075714,0
3,40,0.881306076655028,0.0311973636750346,0.521846177187513,0.000180989094811409,0.525580989737839,0
1,41,1.07311756698297,0.127841216152003,0.57716085707012,3.52139996618888e-5,0.86959657364064,0
2,41,1.10429014331866,0.0671588551380922,0.586610942264646,1.07437794718666e-5,1.15749559559991,0
3,41,1.1315947784971,0.0996553871389562,0.547560928411878,0.000106056148080037,0.919971687290596,0
1,42,1.07160020074322,0.062970815519213,0.51330426528001,7.62268784395853e-5,0.748713922148336,0
2,42,1.40471348880972,0.0582493599817274,0.51311010374227,0.00105086813367178,0.883083683569382,0
3,42,1.26519356251709,0.0730891238877619,0.531799950062,2.15093735019726e-5,0.794340528083963,0
1,43,1.09510788774603,0.0692696735448639,0.555008743912972,6.36242649012612e-5,0.890409153130041,0
2,43,0.947984893488643,0.068859514073086,0.611790557979938,5.90168852807198e-5,0.964966147103813,0
3,43,0.938659211752456,0.101935195652688,0.562928645167869,5.24094500056108e-5,0.760190596906946,0
1,44,1.31958939492698,0.0348242681022705,0.557531169946822,0.000119498065416792,0.542260702093946,0
2,44,1.1718990307827,0.0285079833249659,0.573098669443599,4.27685889565472e-5,0.533195617558461,0
3,44,1.37110179061422,0.0234814360696327,0.566567791912845,9.54982136823543e-5,0.636175964558573,0
1,45,1.22243515612674,0.0808601889901159,0.549568904782323,4.67560928551652e-6,1.13518983053836,0
2,45,1.18273342665715,0.0830300848946554,0.562912013653719,6.41002769741843e-6,1.13638060283105,0
3,45,1.08136687659664,0.105791610828001,0.516977425837927,0.000210609936659226,0.959636615972624,0
1,46,1.04096015932182,0.0324398673177815,0.515182132314862,0.000107586515912308,1.06586316212234,0
2,46,0.908405830754614,0.053967496926564,0.523317232111217,6.68511252340741e-5,0.907570278323934,0
3,46,0.97532122962617,0.0345939158066658,0.507486616528267,6.15507309625148e-5,1.06036582678605,0
1,47,0.947919113646344,0.11696153142561,0.541891021813679,1.18399701683371e-5,0.8493001309553,0
2,47,1.31282587142668,0.0701775697989714,0.563086804151247,7.82228193140433e-5,1.07000303999482,0
3,47,0.910147099900811,0.111857372101094,0.537144391088592,2.28247163358972e-5,0.850490946697845,0
1,48,1.26344819279509,0.0474994070970479,0.623791402327971,0.00028656306748115,0.924335989185143,0
2,48,1.15788361299918,0.0519113989088269,0.5129015750041,7.65551720321908e-5,0.729098805203136,0
3,48,1.09155696242652,0.0512658669892753,0.513223075825873,8.91282369057366e-5,0.737763608288738,0
1,49,1.16329980558011,0.0732019540766756,0.540198771079219,6.63864428254212e-5,0.748712849928991,0
2,49,1.13946687624416,0.0905973030523741,0.629081012596506,3.39741700305018e-5,0.782702069568891,0
3,49,1.28580466060334,0.0730880706101001,0.569006589847231,0.000444343940239783,0.799785276990414,0
1,50,1.19820511276369,0.0656479469980783,0.549338168130735,8.58302829788422e-5,0.962368066074489,0
2,50,0.897189655024026,0.108682928904591,0.553186170267587,0.000334533624811354,0.723774318893197,0
3,50,1.19942055956089,0.0828997430654971,0.560536121630591,0.000145729650332624,0.840186708423678,0
1,51,1.15086428554538,0.0385029672147776,0.559217595264442,4.97124528739696e-5,0.679765831219454,0
2,51,0.976999001075969,0.0375716865982674,0.519343929229482,8.03065897067998e-5,0.595676704619179,0
3,51,1.36301431168103,0.0250913676458484,0.547947370987357,4.41231704429746e-6,0.859859765486823,0
1,52,1.18741573314218,0.0746416558145186,0.569102588590904,0.0013330447899279,0.85456585068658,0
2,52,1.01561424183974,0.0898136213451306,0.603907777853957,0.00326081924019736,0.773460867220976,0
3,52,1.02629284794759,0.0667542232828219,0.556553001073181,0.000736438365514861,0.871697803593132,0
1,53,1.09575116693817,0.0601783384862884,0.541244576867541,0.000463766775385092,0.980918520882931,0
2,53,1.10595539844364,0.0945637708159308,0.54611500884831,2.83038403641685e-5,0.833511315841974,0
3,53,0.928210296451405,0.107347654971977,0.565049651565925,0.000274771874914265,0.81398346280973,0
1,54,1.43887752879511,0.0218368470910247,0.606067064764727,2.88181435605397e-5,0.820449222104041,0
2,54,0.904294162614607,0.035068010236613,0.615446318873449,1.88965424554561e-6,0.618324138635331,0
3,54,0.972890054770391,0.029060930319528,0.575923341248023,9.75155755775894e-5,0.660128219229089,0
1,55,0.876948675525907,0.0413909638391235,0.499582786926429,1.90942623607827e-5,0.942494666419105,0
2,55,1.02192974518588,0.0492254884983977,0.601302495932215,1.33909397089517e-6,1.00081324532307,0
3,55,1.07320478213401,0.047103335850691,0.560034600832444,0.000119322134570995,1.04997812970433,0
1,56,0.922869953364659,0.033220856112073,0.553739364983327,0.000103854140253424,0.90724988659139,0
2,56,0.878896145010707,0.026965026666192,0.548447196949706,0.000256004097092797,0.909783039797608,0
3,56,1.1023440633472,0.0269321374452912,0.556340929198959,0.000676574297671693,1.02800600421839,0
1,57,1.15842028416668,0.0292432538155136,0.542557000126195,8.85078796121376e-6,0.836177163591972,0
2,57,1.10369464440671,0.0353257795349797,0.544789300794874,5.98801731673036e-5,0.780034650708848,0
3,57,1.25183635530486,0.0288620629346046,0.551018113910343,8.60584363630317e-5,0.84368696550165,0
1,58,0.84612434352918,0.0329324412185162,0.577990141803361,5.4504549485311e-5,1.14076321585144,0
2,58,0.772311295262116,0.0481535211319487,0.571356789403242,1.02057147628357e-5,1.01332109935928,0
3,58,0.810938133946295,0.0377582079296954,0.544706408585195,3.33094766275632e-5,1.0912046555974,0
1,59,0.933347118529157,0.0535261681464892,0.512390124731908,0.000300361384800463,0.581563259307225,0
2,59,1.11478328467113,0.0702861034160352,0.543766232015991,4.33292645755776e-5,0.634017771993379,0
3,59,0.939903909713418,0.051739402002315,0.543608026953105,2.09484676184864e-5,0.626325914975041,0
1,60,1.11480311317293,0.0553099886542856,0.593680616017269,3.22646686781904e-5,0.926980490597166,0
2,60,1.06844875644211,0.0555032456340166,0.524484665654851,3.6277792859335e-5,0.82553079205594,0
3,60,0.943927500700175,0.0707911016037468,0.562817165802644,0.000285224789047736,0.775109639673288,0
1,61,1.11572854134322,0.0716348891123677,0.516950714406362,4.93561503988975e-5,1.19448199651923,0
2,61,1.24106253551924,0.053079151548954,0.540431897297562,0.000455056736319504,1.3813537161145,0
3,61,0.979220729520507,0.100240393843833,0.501974421004349,7.91957165136389e-5,1.01207231816285,0
1,62,0.834218719222433,0.0442446517763948,0.513470120469319,3.61235698772007e-5,0.665582125228721,0
2,62,0.942865638268174,0.0423953676919972,0.585685800190086,9.02312344868068e-5,0.780506416016551,0
3,62,1.08948094462785,0.0311558889115989,0.657727429902253,3.67360821717579e-5,0.954897811755759,0
1,63,0.836678089421768,0.0764707179642633,0.552560928437477,0.000160410216993022,1.05770336655377,0
2,63,0.834159182057589,0.0734065222832937,0.580801011602109,9.28457655617392e-5,1.13510626520301,0
3,63,0.923837260277181,0.0708982815811238,0.528962449051429,1.38095101549037e-5,1.08581407463913,0
1,64,1.33757224291416,0.0665489172112793,0.571662011466606,1.63799094364153e-5,0.877164396331913,0
2,64,1.12158713342381,0.0865275221625519,0.564218838844649,6.26344752421889e-5,0.691833241429166,0
3,64,1.19402377484875,0.0545247444455845,0.603693689419392,9.62358041114472e-5,0.857989911370734,0
1,65,1.03919647264859,0.0367285312405018,0.582240018249831,1.66798769114134e-5,0.901243807137968,0
2,65,1.03381816277735,0.0412058562320481,0.532119571539108,2.68756772001927e-5,0.869825819156066,0
3,65,1.10802933141214,0.0525087074401599,0.567109348099523,3.11955786766013e-5,0.796306257395718,0
1,66,0.952964013962475,0.0896596276414188,0.526095493704476,2.41805983173807e-5,0.593751298506022,0
2,66,1.09750856525513,0.0653751751319583,0.559073925603381,7.57834094808547e-5,0.732118039634487,0
3,66,0.985903954936416,0.101125151434152,0.618636932105555,0.000113603428805906,0.647853761885545,0
1,67,1.09250500731139,0.0292143801851185,0.532277632081107,0.000365800898482387,1.04984981041495,0
2,67,0.894321885561583,0.0492214415897651,0.56480435889812,0.000260471355197523,0.830318372637025,0
3,67,1.12420203443398,0.058637823535433,0.483136530549036,8.45891877106336e-6,0.763733620975595,0
1,68,0.834332523166154,0.035038297281177,0.560053579400405,3.10255707546595e-5,0.84613785296837,0
2,68,0.990624850317809,0.0443030411736147,0.562743993426408,6.18743098016882e-5,0.889077509833004,0
3,68,1.02267491848192,0.0627322552944316,0.559847055215144,0.000290162684885876,0.793713000020716,0
1,69,1.12835195889038,0.194850861338342,0.580780647772645,0.000446393532039463,0.776280051016157,0
2,69,0.881543712992774,0.132366593878521,0.532784513843006,5.73229555754685e-5,0.745236012881647,0
3,69,0.844244473753144,0.171365090549693,0.561038026804776,0.00245537245045603,0.678634387930155,0
1,70,1.02095690182998,0.0555235612136723,0.628441767669929,4.88319293450883e-5,1.198874937063,0
2,70,1.03829526525755,0.121038262684179,0.55407037436798,4.9507313044825e-5,0.91316744491417,0
3,70,0.99119114145134,0.0670675526829483,0.511894202511754,5.64909736328681e-5,1.06964672057426,0
1,71,1.18303013150177,0.0421077104707598,0.574447348391297,7.12733052716635e-6,0.685545226635664,0
2,71,1.06709194759766,0.0443655206853461,0.606746257190226,4.1402648054351e-6,0.660752230572354,0
3,71,0.921765514723423,0.0607252260706705,0.59648297648642,0.00179583653754513,0.561648800616556,0
1,72,0.917483277673806,0.192614844652109,0.539058113619268,2.84263991046568e-6,0.794483620152032,0
2,72,0.906028693313071,0.161352725065048,0.613343996938382,0.000304425628037114,0.891964340687033,0
3,72,1.14343487754881,0.247210005271073,0.592684581970575,0.000108573960874464,0.814487917043026,0
1,73,1.10360324430058,0.077199805160143,0.564348052347956,4.80427230255545e-5,0.762360438597134,0
2,73,0.983927252265563,0.0788211925799665,0.596711968145737,1.27895994000183e-5,0.705009629900745,0
3,73,1.19415111341247,0.102607182649947,0.555741901994461,0.00020996434727444,0.685471519340438,0
1,74,0.751451317612913,0.092221030385984,0.570926616921538,3.61171567280573e-5,0.803599017199161,0
2,74,1.09086353260159,0.0653127207163266,0.549853162025836,0.000441162353833009,0.943598532779202,0
3,74,1.13891186144167,0.0886413191318595,0.556609401335276,0.000120490458032151,0.912163774814488,0
1,75,1.15759015481508,0.0313713988083009,0.59721529166893,7.36067574902279e-6,0.67583629746461,0
2,75,1.13526806278352,0.041035704387921,0.565894932823959,9.62648254336479e-5,0.647157834472036,0
3,75,0.932094447217358,0.0315342677969149,0.586356502599564,6.2537222583073e-5,0.598231705361139,0
1,76,1.36566003553886,0.0390469366902596,0.576068723694998,0.000113534634784858,0.86396213266089,0
2,76,0.910748886475567,0.048545936854574,0.571790407842765,0.000281273904424354,0.68873660887779,0
3,76,1.13572048700998,0.0463432509938266,0.527188248520322,1.08549461323154e-5,0.786616252618328,0
1,77,0.973992121291661,0.106334064747015,0.644643374979019,5.18849636674907e-5,0.741893220678191,0
2,77,0.819550506750926,0.0849349656948997,0.60217767230587,2.85796718203879e-5,0.737666629893113,0
3,77,1.37165305376429,0.0487166428507829,0.509840591582557,0.000265121645834015,0.946466514068015,0
1,78,1.00915623850776,0.0965870655298313,0.603536378684487,0.000361498909501869,0.931211659258013,0
2,78,0.857016658771808,0.0826769579100642,0.498282263032248,0.000180935029088892,0.796969697630666,0
3,78,0.950785036915241,0.0857505174066193,0.56461973135238,6.93954930452179e-5,0.935309900953018,0
1,79,0.912745090255205,0.051114184783921,0.47018800644203,3.25918016913596e-5,0.763997400342204,0
2,79,1.10195966281478,0.0598273503489125,0.528341438756327,0.000176302101480356,0.827524128846941,0
3,79,1.12833134553435,0.0576100582884805,0.521600786407603,3.68917959156419e-5,0.853496754055429,0
1,80,1.45857128467922,0.0825385744016722,0.516646361474472,0.000180808200815887,0.807638965769545,0
2,80,1.24877372638112,0.0659624398079787,0.569440634599127,7.38358021156283e-5,0.894209083124666,0
3,80,0.966587036014627,0.0819861672966821,0.543508591528408,0.000502789242498203,0.733816809542723,0
1,81,1.16613225548078,0.051019232640207,0.614548757967502,0.000302695052017965,0.834865090604455,0
2,81,1.2961045696884,0.0488629168711829,0.536025080500028,2.19111465809544e-5,0.816290003447477,0
3,81,1.16419259975088,0.0517827113114899,0.553258751227008,7.65100001520493e-5,0.790909083863848,0
1,82,0.859383200391534,0.0411206055338958,0.577396704173151,8.74659417864203e-5,0.683455673397738,0
2,82,0.963869373777449,0.0802936152850267,0.583629231788691,0.000101945545067106,0.6066821038529,0
3,82,0.886842795424635,0.0764513808975489,0.55505308227828,0.000993597632888461,0.624046511717316,0
1,83,1.36319846498245,0.0687308100019581,0.519246652220814,0.000519921676069415,0.980588054073269,0
2,83,1.15430425651687,0.0804470298124503,0.579632221835687,0.000124373712898343,0.897980510724351,0
3,83,0.955679438449098,0.0945459121474472,0.551639340424355,1.65636561984126e-5,0.786987023391569,0
1,84,1.38249064107874,0.138623338830253,0.518747084723305,3.30532696960804e-5,0.98768995600884,0
2,84,1.23196994801459,0.0914708188158937,0.600464549850571,0.000170192708731895,1.13525160049487,0
3,84,1.23992004291957,0.123913942750902,0.532085168655724,1.36426485506409e-5,0.979230503765672,0
1,85,1.08973770663828,0.105987256063555,0.550041559805776,4.01126101227554e-5,0.979830485742712,0
2,85,0.985651133979186,0.0948342641343742,0.543414518595592,9.30278558563064e-6,0.974587140075858,0
3,85,1.03524074824879,0.0634178078783335,0.540913581696239,0.000735945756447443,1.07988724594425,0
1,86,1.34754976966506,0.0537753031667415,0.569611953102382,1.02720233821464e-5,0.977255090758488,0
2,86,1.15425963915398,0.0706482075598704,0.569088169997138,6.15618539026279e-5,0.885786156276956,0
3,86,1.30985939834891,0.0706405644063944,0.600547028094743,6.89989120250371e-5,0.924349447843679,0
1,87,0.874424519212705,0.0964970549370824,0.505713003764785,2.77832743977952e-5,0.902640630699131,0
2,87,1.02792969191803,0.0841490370926347,0.509992469389923,0.000588587377871135,0.930565424887473,0
3,87,1.23034996585715,0.105014418556143,0.554517157924731,0.000102160420592317,1.0308817804912,0
1,88,1.20438438162388,0.0429305919239335,0.566050595239704,5.7775868519341e-5,0.535773176275109,0
2,88,1.54596812072433,0.033088406261117,0.564179182568263,7.12407913295494e-5,0.670047735844023,0
3,88,1.18584933516763,0.026202655503464,0.548846090848938,1.13289319993809e-5,0.605524787908281,0
1,89,1.19338301584982,0.0892285332231825,0.521947716289014,2.2958722464603e-6,0.742925567668676,0
2,89,1.05008503429698,0.0730984182732887,0.523553454910768,1.561637615854e-5,0.733254365200166,0
3,89,1.25039440858111,0.0964785328317773,0.518792573844223,3.25963115852684e-5,0.739523748467493,0
1,90,1.03653336437827,0.060799984781334,0.517771205918452,4.98389452575742e-6,0.551613726135022,0
2,90,1.50777659726373,0.0411566261547701,0.576674100973561,0.00125953987792392,0.762918431498158,0
3,90,1.35593158855056,0.0498034832510376,0.557514177533479,6.78628302684574e-5,0.680569992771258,0
1,91,0.87086660714693,0.032729117611063,0.548708876027313,0.00108858479915605,1.08505619836913,0
2,91,0.721635118552,0.0430764150625561,0.586879791250683,0.000148101642151081,1.0329847210267,0
3,91,0.802115223002783,0.0277956599664705,0.492600328223693,0.000505200315773541,1.06949341251483,0
1,92,1.15208298906279,0.108576452817404,0.582455682047484,0.000236033606219833,0.822139617473823,0
2,92,0.980354226095583,0.0845496540618245,0.495202666227566,0.000298739409108148,0.792978584936462,0
3,92,1.32090280360096,0.0748444924484104,0.546828464701136,4.51565043643673e-5,0.931483165779042,0
1,93,0.954586556038253,0.0842699159512613,0.544894612808406,4.51307490042733e-5,0.802691114499801,0
2,93,1.37770378965829,0.0698069322552081,0.541524289910122,3.6410317838241e-5,0.934330399185172,0
3,93,0.928724417279419,0.0911640417118179,0.561096197990466,4.48307857313813e-5,0.820668291652479,0
1,94,1.1811032911624,0.0849141238346544,0.539398827215188,0.000155328259387094,1.15007604892753,0
2,94,1.24867702010564,0.0845388305759497,0.582333040253569,1.2255841410763e-5,1.27893456319703,0
3,94,1.24393295460757,0.0778101261156637,0.618555916849222,0.000266770014846901,1.37642640398578,0
1,95,1.03061023439863,0.0698098980870765,0.605491820509157,7.02100594881811e-6,0.744903130535637,0
2,95,1.10453390266313,0.0586818421152775,0.61952924888746,5.52066684593115e-5,0.797530179150287,0
3,95,1.13283106543249,0.0787018541527774,0.614124681690627,1.51144520143527e-6,0.743690097721261,0
1,96,1.1140979284091,0.188042937658965,0.558475105028752,1.79978895886215e-5,0.993918017462513,0
2,96,0.929887772871654,0.148844403390827,0.512406179154585,2.87707487446344e-5,0.996595416299492,0
3,96,1.14801177831582,0.105734847592124,0.58895181774122,0.00081510939420326,1.19765163522574,0
1,97,0.827670030228771,0.119457640683836,0.562114053893712,0.00017075643830849,1.1742358565886,0
2,97,0.988869685121607,0.169900644637347,0.513382917365585,0.000219669699750302,1.06707173770621,0
3,97,0.979078620308623,0.198928138343325,0.536933651210995,2.20404401451442e-5,1.09417849958637,0
1,98,0.881962223585217,0.118384137688946,0.541375191979248,0.000158154831855106,1.30108104149227,0
2,98,1.04586402694937,0.20427714332438,0.585924481012289,0.00113754536815124,1.25530222157672,0
3,98,0.763060749729153,0.144464594335999,0.509804793955738,0.000104315529374881,1.1616616992735,0
1,99,1.2275675692895,0.0891410406172834,0.522179155148265,4.96247292874381e-6,0.761355726492759,0
2,99,1.16959594819151,0.099840617517945,0.530386548333506,0.000279656255870299,0.672915329104908,0
3,99,1.1333616232595,0.0693203250748693,0.550724482018012,5.43822333423009e-7,0.800960472633294,0
1,100,1.10284009390763,0.192950741771726,0.605443856695794,0.00119385725653033,0.733634495360103,0
2,100,0.979608864148738,0.149217394102673,0.599385529375181,1.83750607518326e-6,0.823988986588462,0
3,100,0.827319188264599,0.0703622559763259,0.552156698544719,0.000233434467021785,0.877396891359846,0
1,101,1.02793055629051,0.0843696267347033,0.243595155738713,0.000761304466417806,0.929961621335344,1
2,101,1.49588644870916,0.0920162536313855,0.252372701990933,1.00920860403795e-5,1.09589857020044,1
3,101,1.01404223565234,0.0843776075388167,0.261193518400407,0.000271157547383063,0.966133440544221,1
1,102,0.99158546700001,0.0420502287328094,0.279617700651661,3.50295101830651e-5,0.985767521576021,1
2,102,0.874949002394937,0.0405552213649992,0.237240506383864,2.13721627877183e-5,0.845218064550368,1
3,102,0.995019452241733,0.0438197281236774,0.26438786849875,2.45012856399287e-5,0.961196737595967,1
1,103,1.02344248199992,0.0580730785361772,0.265271061761814,3.02136431383222e-6,0.778970970017606,1
2,103,1.13078897474494,0.057132967253427,0.262369512626715,8.23447136596533e-5,0.774964113301239,1
3,103,0.997858741065874,0.046655191276564,0.273351005054455,0.000193039955381659,0.821705469653905,1
1,104,1.09798777289814,0.0572045334297062,0.241967578649594,7.45308710306966e-5,0.917957632746095,1
2,104,1.29703138483884,0.0617902463671074,0.301538595106525,0.000432243590094317,1.06307957874506,1
3,104,0.905195176038747,0.0472668770015037,0.230651752638017,0.000249997668688949,0.924263901708539,1
1,105,0.98115726909128,0.0315173314452338,0.27284524596815,0.000106367126547548,0.882163448971552,1
2,105,1.11228752955254,0.037607977905328,0.235351309489657,1.44313659718364e-5,0.853431709974458,1
3,105,1.14620611415909,0.031708469313482,0.230189890487286,2.82174560617219e-5,0.870859260527611,1
1,106,1.09689640125088,0.0534163640008164,0.238884314218728,0.000176298816150076,0.970760205141998,1
2,106,1.11334190302397,0.0684590601431589,0.244650375174161,4.20185538021305e-5,0.86585338759093,1
3,106,1.0995848889455,0.0736517043155843,0.254191731304089,2.44399378985634e-5,0.843315387775088,1
1,107,1.16083274134948,0.0343030953276269,0.260001260789603,0.000263688596659577,0.986431493696811,1
2,107,0.872180096977014,0.0327549026051002,0.291712176744392,4.38515493522785e-5,0.857038536348465,1
3,107,1.03949079455502,0.0371879106250935,0.258920802836639,0.000440427089132441,0.859844021091106,1
1,108,0.869737721113092,0.0810516325616194,0.253534296678337,2.39008825813897e-5,1.0219202753714,1
2,108,0.815385266550557,0.0725574873364529,0.22401187939022,0.000191942492231643,0.946991788867918,1
3,108,0.848643120749324,0.0620572921090433,0.228910048674565,0.000153415114914292,1.05887397497416,1
1,109,1.43355385415034,0.075869988090731,0.235203260302218,5.86047828749213e-5,0.531054893468295,1
2,109,1.5472932243905,0.0739577670557143,0.265174670064419,1.65689080496395e-5,0.592683645113439,1
3,109,1.11272095633503,0.0783700610648453,0.230981490051082,6.44099042983259e-6,0.476202343640184,1
1,110,1.19768075743453,0.06337319377034,0.222317176257387,0.000164290318134578,0.901809884688507,1
2,110,1.14309861814201,0.0829645756659359,0.259941694141269,5.15205845499748e-6,0.803583549142642,1
3,110,0.894778009490582,0.0722019687382353,0.252083404134838,1.90178205877592e-5,0.800130127275711,1
1,111,1.09717676819794,0.0960637417932483,0.24418552924185,5.625319644026e-6,0.714455216643242,1
2,111,1.14380670654059,0.0946985196382383,0.229408019252006,0.000103066710633327,0.671659607821009,1
3,111,1.10378083926076,0.104933260573791,0.244957841617139,3.77113110083596e-5,0.708530716381287,1
1,112,0.996838148171386,0.0333404424790153,0.242950279470337,4.71358398481546e-6,0.926409849096666,1
2,112,0.88046875253513,0.032067380029211,0.23218621705479,1.87296036980625e-5,0.858037798126267,1
3,112,0.950433272564756,0.0379494650173542,0.290677089141295,0.000109003973157672,0.893178751102136,1
1,113,1.28337394478357,0.0555693028666094,0.231126447439026,6.31593935668827e-5,0.730745498703877,1
2,113,1.11613530792831,0.0642656876902429,0.238817436293958,9.06979293301787e-5,0.675438833471579,1
3,113,1.20286936166369,0.0637871446997219,0.256294186664459,0.000160287215790004,0.696120540868192,1
1,114,0.846664112548107,0.0425674879797939,0.242583683931863,6.55131119867492e-5,0.94538654241344,1
2,114,0.959469716629305,0.049665862942106,0.260157155100426,7.77180867580099e-5,0.972202209827439,1
3,114,1.00735016520637,0.0535285742038379,0.270391123307746,5.05809541608208e-5,0.901349327771161,1
1,115,1.27724828154792,0.0189834097605294,0.262247387349244,3.24229123832904e-5,0.859006016597468,1
2,115,1.14789881965087,0.0229522952769714,0.239500411864167,0.00150949880599492,0.713749781730335,1
3,115,1.32192093016057,0.0204257591126911,0.243585439770155,9.78700592512224e-6,0.827130096430836,1
1,116,1.41158805295018,0.0751558714706423,0.246682856138948,1.07803563136084e-5,0.636816126336315,1
2,116,1.28803252580793,0.0590576745425225,0.26913427705817,1.08528253007694e-5,0.730531410172328,1
3,116,1.18774197426447,0.0669976891191058,0.263005306060819,0.000334850418541685,0.657896061563552,1
1,117,1.03374363777326,0.0874717940822795,0.232951491125672,6.69664382322892e-6,0.893920153149105,1
2,117,0.986336648915198,0.0761130771681241,0.254560748365454,1.6379880843006e-5,0.972875185809934,1
3,117,0.978213676151145,0.0909975487273461,0.253054589146694,0.000533431693396124,0.894444411559579,1
1,118,0.944626376983978,0.0822320001253954,0.258091008890388,6.49212679697496e-6,0.966949770396239,1
2,118,0.913050149989752,0.0509080363083515,0.243072367326931,0.000217060542345248,1.18145035680946,1
3,118,1.08225071258862,0.0729404337155073,0.269968191572987,4.17084392836808e-6,1.0892173529916,1
1,119,1.32068256446887,0.0835301419053774,0.255724322026775,0.000228530984320526,1.47120898528603,1
2,119,0.829120536568331,0.115859847828043,0.247340770107025,0.000182770483653893,1.05065109481354,1
3,119,0.80940674899794,0.128729638743939,0.243273383638169,2.60251661767216e-6,0.961610291029706,1
1,120,0.973330828377115,0.0308062717042881,0.234435447576993,0.00074974835533983,0.856743035624996,1
2,120,1.03994835737621,0.0301868128300907,0.260493652497917,1.30428314242248e-5,0.976245611964988,1
3,120,1.15545928612123,0.0271451367515223,0.217395858783856,0.000104059665763153,1.05006690851414,1
1,121,0.927074850698723,0.0360017557610816,0.24373387502772,0.000113905988310175,0.785040681185213,1
2,121,1.08123176803619,0.0393903758952565,0.288673371312535,5.35742515837339e-6,0.871180951607992,1
3,121,1.45549524416624,0.0400899276365946,0.233939785102774,0.000182247741744472,0.951189447994973,1
1,122,0.955991479995985,0.0337289777898671,0.272255047855792,0.00200454145991686,1.01223071833664,1
2,122,0.90497826154309,0.0267721407902579,0.25443630971713,1.85718220992331e-5,1.00384330511301,1
3,122,0.970221270021654,0.0320179811581849,0.25182479109758,2.72523275736788e-5,0.972594681233529,1
1,123,1.16892916287571,0.109245309676152,0.263655604340697,3.37620704090482e-5,1.24772778140146,1
2,123,1.13594178580038,0.138355663077211,0.262367139374452,2.56203582350723e-5,1.08741861261198,1
3,123,0.835943851685585,0.104211090742514,0.228792596312769,3.54048199824708e-5,0.990197695894358,1
1,124,1.28863322680086,0.0685707880056048,0.224863924730676,0.00293962273249515,0.565564043162275,1
2,124,1.55668984180762,0.0849669738320489,0.294176428140884,4.84462985993326e-5,0.639688243286813,1
3,124,1.12582546265917,0.0858658735887737,0.239820264749569,0.00013701616154472,0.504674051010558,1
1,125,0.920565146154602,0.031662175008162,0.224949797373648,6.85697129261337e-5,0.627857092410827,1
2,125,1.3005803926821,0.0355971079965845,0.236836464428221,2.72945552017877e-5,0.756076604131388,1
3,125,1.02134400347998,0.0328224860158511,0.256738184517745,0.000198067864581772,0.691669681522492,1
1,126,1.08072484370042,0.0589012917976712,0.253951002951991,5.05043927080885e-5,0.654759067918638,1
2,126,1.24013673642905,0.051572702809094,0.214863365261687,4.33507038087363e-5,0.735794135986098,1
3,126,1.06708571586133,0.055627533024763,0.235527887876003,2.89576459461757e-5,0.661410847158752,1
1,127,0.899698988402127,0.0853843085798727,0.257730052663657,2.94788894548988e-5,0.730577381671606,1
2,127,1.15517065652964,0.0694528773220281,0.239121187145492,0.000177724749704836,0.83275949406523,1
3,127,1.00696570833562,0.0908898885521455,0.247184133364712,3.28424335574706e-6,0.711880462419124,1
1,128,1.10500220686739,0.0471920139588511,0.247527857569107,0.000148297573749277,1.04301633179275,1
2,128,0.86865221962104,0.0438477895526558,0.235742971625693,4.97596708046364e-5,0.947845337752136,1
3,128,1.08941137211876,0.0410084151955315,0.245327795343477,0.000534548017842116,1.09227551931634,1
1,129,1.05890705906301,0.0536073317136895,0.285734314848331,3.42414273582983e-5,0.578667852567909,1
2,129,1.46293383294192,0.0412137189272113,0.246265589668232,0.000533760503548818,0.754941185699317,1
3,129,1.09182697658908,0.0448966056602373,0.251042332748037,0.000207376839676771,0.619870723099199,1
1,130,1.04283326647588,0.0375182260302102,0.254959131815822,3.77678502252648e-5,1.03227852472885,1
2,130,0.92046971717271,0.0336790683028282,0.229064487933356,7.74615834947401e-5,0.961112967655626,1
3,130,1.08340675248428,0.0409331990998369,0.231461368259189,0.000349479839688146,0.97944620804364,1
1,131,1.03162102111157,0.110865503259977,0.254061327660393,3.83822222508078e-5,0.9437700883919,1
2,131,0.931618748324528,0.103437319271231,0.280041380255721,0.00500597526965799,0.984753996982135,1
3,131,1.35488616929068,0.083568751365119,0.272339907754031,2.72781857945373e-5,1.25472777541324,1
1,132,1.00626106380796,0.0529659279200545,0.255060291596318,5.31715847902249e-5,0.892858203991034,1
2,132,0.977553171755866,0.0571665827529645,0.247588268888201,0.000112331090004212,0.846140104049823,1
3,132,1.13135361669952,0.0553801461149128,0.252349561388629,5.65150065093915e-5,0.922100353728671,1
1,133,0.979858985440172,0.0805544529575592,0.232851944620467,6.60192717635724e-5,1.13126849603507,1
2,133,0.78192066881918,0.0678604361182195,0.235485622081172,0.00174464153677933,1.08272544207133,1
3,133,0.96276153078043,0.080096092391073,0.229477803422888,0.000231125093604679,1.13357525620926,1
1,134,1.15113949801486,0.072531253114022,0.26825249764684,5.1094467811542e-5,1.0389895782249,1
2,134,1.21917291376543,0.0640925452081779,0.262605300432494,7.3251503658865e-5,1.1752017079894,1
3,134,0.823665281801321,0.071850718141791,0.237140624389681,7.97705830650886e-5,0.897552406469698,1
1,135,1.23382633812295,0.0291091327641942,0.286115374873556,1.44508545477702e-5,0.926332707618833,1
2,135,1.27758820644985,0.0270619100259021,0.217988860171132,4.64992250897422e-5,0.898591842840134,1
3,135,0.969835855369274,0.033797364840242,0.259124029601239,3.38479034763511e-5,0.734123419821066,1
1,136,1.17009199184635,0.106703471026903,0.259843423473998,7.15325475071874e-5,0.916777822126383,1
2,136,1.03824095651814,0.0744710982302519,0.234196473908824,9.10893790591805e-6,0.977070823556187,1
3,136,1.20234321246421,0.088773095387481,0.279681919741923,3.31747783222521e-5,1.11447182463871,1
1,137,1.01824804792883,0.0460344585350932,0.253493094090287,5.72269968925563e-5,0.846807556498205,1
2,137,0.925480687271479,0.061013713946924,0.250675947231652,2.58849616273655e-5,0.691033916694984,1
3,137,0.99738497631982,0.0540417151642286,0.264198737795438,0.000159035832203744,0.797943853951479,1
1,138,1.92630407403144,0.0768108898438272,0.272425047642661,0.000498365204577836,0.950614689241694,1
2,138,1.49914894787311,0.098613713373521,0.239904711568491,9.8479990948111e-5,0.689581144978749,1
3,138,1.55733367952546,0.0833059807284501,0.250411469772423,9.2860219928271e-5,0.728881380950331,1
1,139,1.14600238252018,0.0952785972071803,0.238687937036933,3.15206398825363e-5,0.90918137024895,1
2,139,1.23502322275315,0.088548625698817,0.254553098189756,0.000317667912320453,1.05231034949016,1
3,139,1.30129018270182,0.102850632310285,0.252765994211714,1.47892418392865e-5,1.00889978739875,1
1,140,0.995854727772633,0.0470241245917108,0.265541478369869,0.000350944014730062,0.981838355609059,1
2,140,0.776851091467482,0.0391054715035153,0.241752857180809,0.000191998257833615,0.854686216336054,1
3,140,0.88781266753741,0.049637539383156,0.267089982857759,1.11643447762895e-5,0.931858562689587,1
1,141,1.14425892262108,0.0842457693787235,0.253595416001676,6.75038197434848e-7,0.930043679906947,1
2,141,1.15282922158945,0.0849806482912283,0.235582592130826,0.000118044389239528,0.941356249778639,1
3,141,1.16762346725847,0.0858925134804394,0.259950407794574,0.000452063333285669,1.01541579148235,1
1,142,0.9719587456591,0.0344556055715522,0.246099165100406,8.37510457324641e-6,0.774366632734348,1
2,142,0.976823441557724,0.0328338918816408,0.257803744730098,0.0002629803007253,0.810972212617261,1
3,142,1.11113234193464,0.0280809753936447,0.248378270792787,0.000597503100286725,0.880438046618659,1
1,143,1.04917915496915,0.0225240435746959,0.229562507036166,0.000353940407969078,0.740860570849836,1
2,143,1.02087517569821,0.0220528117531534,0.241891616604788,5.6780015305428e-5,0.740106650570325,1
3,143,1.17758860926176,0.0228968827105722,0.215432752296388,6.30883585782793e-5,0.795431483280566,1
1,144,1.10877540885616,0.0854243584098445,0.270920557141798,2.04085039339653e-5,0.876109351701092,1
2,144,1.10473875734001,0.0861591672225454,0.262109240789892,9.21605237586921e-5,0.81202206160771,1
3,144,0.986739640376721,0.0689755378637161,0.236033290355262,1.04149479196722e-5,0.81513120843368,1
1,145,1.04729221114747,0.0228598538211125,0.261636448640796,0.000151389926816867,0.972688256178289,1
2,145,0.798840368616571,0.0270090190548463,0.289575803895789,0.000138883542618755,0.786395456896687,1
3,145,0.798071285232594,0.0205022083394091,0.254501659886633,2.96160195248057e-5,0.835824857165108,1
1,146,1.14656247787799,0.0781386306761831,0.262663206605726,1.18124249765512e-5,1.11150908437389,1
2,146,1.03043775211717,0.0742006474124041,0.23713491916399,5.853093834431e-6,1.0125484731701,1
3,146,1.17981295795707,0.0847288058527315,0.239469468549511,0.000225406385300936,1.05003422775914,1
1,147,0.952003342709161,0.0471578154388952,0.269283607578939,3.4323560360857e-5,1.33432795834572,1
2,147,0.88455822083126,0.0549626641496725,0.275702883786559,0.000662401377057986,1.08233090351942,1
3,147,1.04793188618367,0.052388223341858,0.241930731045009,4.11378087562255e-5,1.18466949350828,1
1,148,1.37583035897077,0.0984699919401543,0.235371666372018,4.59798390730014e-5,1.01326248581884,1
2,148,1.10343184170409,0.0983862728480529,0.240832851833609,0.000452624629888433,0.928624328017841,1
3,148,1.16253947285459,0.105463653493817,0.246213952949717,0.000203194235770559,0.949675441907704,1
1,149,1.11997263593333,0.0320821704850497,0.251837954557335,0.000243567349743093,0.769728462450048,1
2,149,1.29623734184505,0.0350563451598404,0.280687106440251,2.70370704271837e-5,0.868241722228456,1
3,149,0.932689373614355,0.0332640025289013,0.233457402734217,4.12325801151128e-6,0.653611012753546,1
1,150,1.0981025528149,0.0352052519700019,0.25643595993237,0.000126647559612303,0.751422745142923,1
2,150,0.902000188987684,0.0388604568147422,0.228033550719503,2.17318980350594e-5,0.657520770168243,1
3,150,0.902888543772027,0.0401224243750011,0.257611881016024,0.000106715820068078,0.641671077263719,1
1,151,1.29671178437307,0.0435528486167892,0.233202296713109,9.72370688366554e-6,0.693770151216725,1
2,151,1.27891504159944,0.0538714126662162,0.25528797061422,2.09747954541918e-5,0.58957168529701,1
3,151,1.19976295061706,0.0515648773449978,0.256132572777807,0.000123923913427354,0.610086545130767,1
1,152,0.95662714241926,0.0417218372783162,0.246428137628969,0.00117313820970171,0.954744473378003,1
2,152,0.814806693657904,0.0453641048654043,0.258923967724253,1.60517482955156e-5,0.854530020370663,1
3,152,1.00592857221762,0.0517461157488045,0.261948344087189,2.82091720999723e-5,0.893485051785279,1
1,153,1.02467228153538,0.0715330847301018,0.237657281375589,0.000494275806142943,0.520210063097129,1
2,153,1.29047245742532,0.0650358800366906,0.27163765796165,0.000808173964422289,0.687457444026868,1
3,153,1.20991600572964,0.0602506014727964,0.23538988162103,0.000102310678578616,0.611135186136281,1
1,154,1.353279843187,0.0396621576876893,0.273575003913621,8.0089143489395e-6,1.06368359098677,1
2,154,1.00601584325688,0.0405354250568544,0.229398648164707,0.00029171581025185,0.816588550274559,1
3,154,1.0639299981619,0.0414322759534316,0.232027189511522,8.23533901267109e-5,0.854090320922126,1
1,155,1.0401142027187,0.0356379048369774,0.261459509953741,1.03210196302151e-5,0.851936470691063,1
2,155,1.19490340079605,0.0383996370705631,0.283224357473377,0.00115473456034294,0.957163521617187,1
3,155,1.01696650021259,0.0285404644772946,0.247897167462002,1.34201813414826e-5,0.921048805153518,1
1,156,0.939434118316284,0.0447851817583639,0.264616593002491,8.3119066482857e-5,0.758360337217492,1
2,156,0.902141756415162,0.0314893091387867,0.246395223152034,0.000200888358746024,0.800305065816648,1
3,156,1.0368315359532,0.0306374928569502,0.212504814894869,9.90274542387802e-5,0.824674298289669,1
1,157,1.08590886554689,0.0556438727543687,0.229111556374742,0.000211575702863148,0.538495462810957,1
2,157,0.986927232842795,0.0468391063267306,0.260366648718687,1.05349627780914e-5,0.570177907670588,1
3,157,1.29299464077904,0.0441175443652821,0.218144814671096,5.20873353478593e-5,0.636312055896005,1
1,158,0.928433833247484,0.0538773350844002,0.262309542422035,0.000160980736421133,0.710910379929803,1
2,158,1.29004325227793,0.046823999971726,0.251117324655788,0.000103066648007227,0.907599307365177,1
3,158,1.26783668073301,0.0483908572383152,0.250079333620571,3.24592578331663e-5,0.860478284103432,1
1,159,0.983427617145936,0.0363719182467827,0.253664003561568,4.21562322367099e-6,0.878161751326768,1
2,159,1.03861332129035,0.0295600463140113,0.229885161616807,4.26005008567665e-5,0.942807775566075,1
3,159,1.21397841899972,0.0332868111052723,0.269365195834001,0.00198701919058607,1.02360412539449,1
1,160,1.16868840894148,0.0636133657558587,0.231777972282568,0.000831153237496147,0.80108784791585,1
2,160,1.21393269994389,0.075357736837765,0.235463633243661,4.01346516654957e-6,0.731157250057869,1
3,160,1.30602625393805,0.0823017284614506,0.245993764788645,2.65219585870539e-5,0.720802858299548,1
1,161,0.961879012605193,0.0400457395739279,0.251868366091303,9.63467475051533e-5,0.790855834735419,1
2,161,0.958877328329021,0.0317364613255056,0.238702350320841,3.14842948043293e-5,0.806831690878102,1
3,161,1.15330787946859,0.0373410802581313,0.246278782450259,2.05701124565878e-5,0.893619268843806,1
1,162,1.2390923197659,0.0178373724489432,0.247914864541612,3.63219247858642e-5,0.699147524158404,1
2,162,1.0964711983498,0.0166844235431033,0.240060819726605,4.66375027480307e-5,0.621786894818791,1
3,162,1.39904035132027,0.0167617551166837,0.223110091755835,3.08753775743608e-5,0.753033249661441,1
1,163,0.962064412694187,0.0351532870943576,0.229828722006878,7.92079492714199e-5,0.663538380611009,1
2,163,0.970285493714658,0.0424214854737136,0.267352126576789,2.87344114271018e-5,0.621954217202504,1
3,163,1.2380037282875,0.0438375605504366,0.261359148121273,1.80135493282551e-5,0.714933714804828,1
1,164,1.05398477120925,0.085946288304346,0.248693953814616,0.00213578959346461,1.28130511544575,1
2,164,1.40106828743672,0.0829877652984634,0.251182635885325,0.000351750333681913,1.53377468763134,1
3,164,1.123459797404,0.0928809694128818,0.214131075977414,9.7675030226987e-6,1.14716151585107,1
1,165,1.14273987920059,0.0306798037570988,0.251866725542562,2.43966795109333e-6,0.924051755717379,1
2,165,0.977060416332881,0.0248464261178885,0.246557824921783,2.79217213531484e-5,0.895367809613074,1
3,165,1.12348856680453,0.0237826133099144,0.251051175265685,0.000170092966043641,0.992780680930245,1
1,166,1.00090920907168,0.0614125916259993,0.293950544986944,7.73449903620526e-5,1.17684254012379,1
2,166,0.906748067988447,0.0562602486892882,0.238848520143113,0.000120854366193288,1.13692016998918,1
3,166,0.856721258604402,0.0631886950702737,0.284027021291272,1.85493443312175e-5,1.08232880596034,1
1,167,0.966544977869706,0.0486722378546659,0.24225884136714,0.000239945262515078,1.3317878422307,1
2,167,0.870015511038606,0.0530104568687882,0.267159522218707,0.000115961713059251,1.27074055244775,1
3,167,0.937153003875866,0.0610712983909418,0.253500893678248,3.95047996212187e-5,1.24392469634865,1
1,168,1.13687385100788,0.0495684802188028,0.255368637990559,1.26509346361579e-5,0.749678940775308,1
2,168,1.09493372383604,0.0490270777825826,0.262187576116286,9.69877185877722e-5,0.721611045806174,1
3,168,1.28416923812935,0.0554320862571311,0.285329406188287,0.000132705021076774,0.744870632515897,1
1,169,1.1907738318495,0.0312779134646622,0.23703789883559,2.2529224330617e-5,0.955377079862899,1
2,169,0.880736800346665,0.0290276254605978,0.258987719969415,6.2554165438928e-6,0.787156359244017,1
3,169,1.44264868913816,0.0389408902759864,0.232142114625866,3.03946048770667e-5,0.975801219110258,1
1,170,1.17831044584049,0.0740509843346015,0.239220062182992,0.000102400308753001,1.12381123750289,1
2,170,1.08505545401036,0.0685379096131227,0.240170164768157,7.76871585694174e-5,1.19489633847797,1
3,170,0.9588650437905,0.068495268121316,0.232172524725178,9.25519947775168e-5,1.05679012161249,1
1,171,1.08910323370478,0.0645023099785257,0.273885793909617,6.11792873479531e-6,0.932891579695504,1
2,171,0.958727294657102,0.0630107777207818,0.25459556020488,6.15037989237623e-6,0.820152613362324,1
3,171,1.17356686831202,0.0576637446234885,0.250995768151887,3.01052292948318e-5,0.98716106341682,1
1,172,0.994996017955038,0.0781716544702627,0.269500336120428,0.000329916261371279,0.961430922691683,1
2,172,1.01444469561768,0.0660205564855547,0.248742114116027,8.35412749958067e-6,1.05019343634435,1
3,172,0.971216273136121,0.0771840260948769,0.242640164940919,0.00141927207841495,0.914197293518288,1
1,173,0.803226916253304,0.101182697441577,0.251102998967559,5.05844091823511e-5,1.01603095537749,1
2,173,0.895043846760495,0.0838724895651238,0.24940000857516,0.00173732680130915,1.0812710324496,1
3,173,1.00913151692577,0.090060160421731,0.230829283362221,5.6007874734972e-5,1.09652593098687,1
1,174,1.08046853259593,0.052030077535282,0.245210834949152,9.61679902343704e-5,0.982339433069508,1
2,174,1.08495167983368,0.0483525355665265,0.253865374128633,3.04098990244471e-5,1.0802192759395,1
3,174,1.23951715894189,0.043024231657715,0.257631115724933,5.62212131628094e-5,1.14762272464246,1
1,175,1.04364251206087,0.113372346195005,0.237323480976416,0.00061786450843113,0.810012191153567,1
2,175,1.38602872790475,0.0951731876066516,0.254695361220491,0.00166287778278945,0.983092173130645,1
3,175,1.37541959228957,0.0921591060604615,0.24038540618037,6.57324395689866e-5,1.00392645682629,1
1,176,1.12198571704431,0.0952791689988428,0.248356516573031,3.25603569863741e-6,0.831073037033478,1
2,176,0.966961666745133,0.100479293544007,0.258102173548113,0.000245707639518844,0.822750492374312,1
3,176,1.11744033453803,0.100126624713335,0.240168204092251,0.000221740958946228,0.837086054153555,1
1,177,1.06031950314387,0.0551385598085411,0.235227566377887,5.82743451196541e-5,0.672644100494589,1
2,177,1.07128313271185,0.0461117269892558,0.232965100445228,4.26375736820185e-5,0.750892189852635,1
3,177,1.05543206394708,0.0524420766141561,0.24629485957239,2.10163740439641e-5,0.710651358606359,1
1,178,1.05494137113324,0.044201674705025,0.233319386956001,0.000354054717620482,0.962919295090511,1
2,178,1.05114951345673,0.0559027685892637,0.259051747159624,0.000303542017543142,0.889851653027452,1
3,178,1.1060157937667,0.0605061385978928,0.240841696482996,0.000456906995594164,0.820206883676699,1
1,179,1.17398231410227,0.0581917574527254,0.265507279241399,2.1346798187169e-5,0.856316836590637,1
2,179,1.54065782324843,0.0694262300014535,0.251976832412741,0.000128578670230087,0.879156205876199,1
3,179,1.06576178886411,0.0763290772987752,0.26195945423838,0.000609547000696746,0.716087257219837,1
1,180,1.07054062693964,0.0487395762038718,0.254479398562249,0.000151536150413565,0.741646341588278,1
2,180,1.14089434934871,0.0390957184730086,0.244321737707798,0.000293556629814247,0.837896509693151,1
3,180,0.887778050298395,0.0476653294565904,0.231331658443972,0.000383699209593936,0.690629050306009,1
1,181,1.05667441502253,0.0400517293049796,0.268212040228315,0.000322932518242352,0.806472989464895,1
2,181,1.00037985467998,0.0327688880963075,0.271045138988905,4.54301366352023e-6,0.810699432919958,1
3,181,0.927175091175599,0.0349869437047881,0.249146602496855,0.0033237828839985,0.72415944466269,1
1,182,0.959326716762789,0.0480103567189215,0.242017982816646,0.000112084612258582,0.857657571646719,1
2,182,0.878314250512745,0.0514811725272083,0.251007582856174,3.10001330450905e-5,0.76930293623781,1
3,182,0.913224503701435,0.0466100866259612,0.242185585144235,1.33330996144127e-5,0.795665325720531,1
1,183,0.902221625653648,0.0491310105363053,0.244210983886358,1.48560166238259e-5,0.775481957150115,1
2,183,0.84004071811786,0.045921335303667,0.276224374363733,5.39985441520065e-5,0.814326272877819,1
3,183,1.31498746163777,0.0422913704451643,0.240403519736675,0.000133277864912903,0.966929718049364,1
1,184,1.41329325930375,0.0596217581358735,0.255914257794368,0.000158500607518662,0.725723028366456,1
2,184,1.04193013396638,0.0485213650764181,0.226000757007083,0.000762572612226705,0.604891576617934,1
3,184,1.23087141138171,0.0645384720090271,0.241849840164655,0.000141376690352439,0.607035416911692,1
1,185,0.82679607707229,0.040523385531116,0.208718143001562,1.5228255873763e-5,0.886726712929945,1
2,185,1.22636272352493,0.0345746506989224,0.237740426785527,0.000312211789669191,1.25393760443756,1
3,185,0.832710079455243,0.0332764748069514,0.243495756247443,5.40239086206533e-5,0.998151370569453,1
1,186,0.94432750008956,0.0202782901079015,0.256644281397036,0.0020610735733977,0.786197255722238,1
2,186,1.35090736459854,0.0258409784905216,0.252993937545946,7.76439203378201e-5,0.950651889213442,1
3,186,1.12011981307076,0.0231371526653632,0.219475187582986,0.000550136778500997,0.858359551359191,1
1,187,1.09229630523925,0.129035426462609,0.25148285785541,1.8514878660262e-5,0.718097784825272,1
2,187,1.17051230529872,0.125576239008154,0.245098207589964,2.97120623674124e-5,0.752727228797477,1
3,187,1.24316049658358,0.124060250481291,0.228481385559895,7.18949882573809e-5,0.735085879834075,1
1,188,0.823274498601656,0.0672028649617367,0.247423122578995,7.76924560776631e-5,0.782669954123938,1
2,188,0.8505951803548,0.0638041461302874,0.258045186390438,0.000504454632466246,0.79822634827053,1
3,188,1.04957691040474,0.0650197688069725,0.276421031414385,0.000474025533332502,0.90595219456086,1
1,189,0.772613185340868,0.0347730141059641,0.248052237264418,2.72223430094576e-5,0.975528803111976,1
2,189,0.986330381726729,0.0443349720243016,0.237195692485989,7.7336474167548e-6,1.01344857486268,1
3,189,0.745454436671084,0.0326897733367442,0.257765003381745,5.37513880916631e-5,0.946512281231923,1
1,190,1.02367094566863,0.0644616813514165,0.243557140914442,1.74120900090594e-5,0.92862378116297,1
2,190,0.917350602650104,0.0721352196355974,0.238460420960433,0.00215144051292893,0.769183298023842,1
3,190,1.18732718594265,0.0816740207814456,0.262498325572433,5.23505718986881e-6,0.907070956398579,1
1,191,0.976164195661869,0.0258325854069231,0.259226685273603,4.39256767348903e-5,0.783094219111989,1
2,191,1.16854767882446,0.0269961485043571,0.252093015517066,9.50516127114448e-6,0.855544149319021,1
3,191,1.12380872901719,0.0269965752807054,0.265296384372603,1.12035046695711e-5,0.885502673707853,1
1,192,1.31138377795116,0.0406031652870726,0.253333847980899,1.64301584986151e-5,0.628889752684278,1
2,192,1.1861098809978,0.0328124707199219,0.229430546547299,8.61594402924739e-6,0.632455669279201,1
3,192,1.00339388574662,0.0368182561330133,0.265439806604519,6.40594566449258e-5,0.562970994408662,1
1,193,1.01948213636812,0.044864179498427,0.263109762947893,2.03495469993819e-5,0.938343806249646,1
2,193,1.25361028842863,0.0495903770187013,0.285791155853328,8.98351179742509e-6,1.00900002657577,1
3,193,1.09369375296818,0.0329520488931115,0.214829977766542,8.67483741942954e-6,1.00658384601633,1
1,194,1.29908590715181,0.0454877930620338,0.26521514008333,5.99548912702474e-5,0.90160683196834,1
2,194,1.06348534642367,0.0463994675512377,0.256608294564482,3.66560074304252e-5,0.760471508247964,1
3,194,0.905860632000384,0.0462755552010505,0.237206985628216,1.730596039686e-5,0.684670442351078,1
1,195,0.963541287446481,0.0665043839623726,0.267255319467174,0.000108810503772811,0.957156953383433,1
2,195,1.33521810774676,0.0655994400062971,0.272760571986503,3.01942110234399e-6,1.11008333230418,1
3,195,1.0237739331281,0.0586042581274754,0.240927714691104,0.000199750840718439,0.97736945731354,1
1,196,0.976418863043904,0.0668126521537396,0.233945866024052,0.000356146848168715,1.05385553827239,1
2,196,0.964331552592225,0.0608178255508838,0.241215437665004,0.000409382397548534,1.0358966496188,1
3,196,0.985585876499691,0.0704865942779448,0.264455919609709,1.51331115904812e-5,1.09693369694689,1
1,197,1.07616605225832,0.0149508640393191,0.258033367151646,1.14059086031181e-5,0.709663110736135,1
2,197,1.12485184056209,0.0149035852748541,0.245823612780249,1.78343232777351e-6,0.731651981100541,1
3,197,1.17148418497222,0.0168448116874852,0.242678930018644,4.92724503350431e-5,0.70410139186426,1
1,198,1.05833392235701,0.0313511708763603,0.25170037389538,3.90360273363362e-5,0.667545174550619,1
2,198,1.23516531445084,0.0338761307243039,0.274481706241327,6.6946534761762e-5,0.734902427509862,1
3,198,1.03595831748712,0.0244270300497038,0.257043800561446,3.36065723583424e-5,0.726261221531427,1
1,199,1.15084534430635,0.0870255103202783,0.228175550349057,0.000115174290957384,1.13708859201947,1
2,199,1.05075340617623,0.0881185133498345,0.231272713507771,0.000161103050119346,1.0584587831898,1
3,199,1.07566681551363,0.0953056543499201,0.23018774580385,0.000763094267783259,1.03302908592764,1
1,200,1.04591206761083,0.0454155587801535,0.247874983922749,0.000147454138342847,0.971285955220801,1
2,200,1.02643365183867,0.0443429733294534,0.258427706287531,0.000987169915705608,0.971384640964266,1
3,200,0.989986468196393,0.0386157247009247,0.246805767218258,9.09829520925868e-5,1.03261420736779,1
