rep,id,eta_phiS,eta_deltaS,eta_phiL,eta_deltaL,eta_deltaA,GROUP
1,1,0.0433789017321149,-0.207880837590509,0.0195223447061958,-1.78561585185815,0.316761492774604,0
2,1,0.0157576844914858,-0.186238020635402,0.0205292236121041,0.487444879613159,0.267438536317637,0
3,1,-0.00610598346283245,-0.223022120621108,0.00690893508707829,-0.0205515614372874,0.280709599554518,0
1,2,0.0146677201519812,0.484007405031256,0.00630523598903493,1.57450130250788,0.0416589856433676,0
2,2,-0.061002470465634,0.00998954747496264,0.0213663007526557,0.81885214495781,0.17117311441499,0
3,2,-0.111969380272753,0.364780799781217,0.00634996002703253,-1.69472551234387,0.0639138444224522,0
1,3,-0.0767368901169381,0.793540746697326,-0.0395206275047956,0.251793309061437,-0.209763151632995,0
2,3,-0.319544260378517,-0.0676835081380281,-0.056063201295195,-0.95420577362641,-0.0675983603436116,0
3,3,-0.00287332699101155,0.203589062891535,-0.14241426297156,-0.32593561733619,-0.151845024301587,0
1,4,-0.357891573062072,0.260319701109433,0.0360299406226167,1.47467957119115,-0.0289203341800542,0
2,4,0.015987896698922,0.337531631820087,-0.0124080786643291,-0.313967408900645,0.0428311248749253,0
3,4,-0.316426536650919,0.724544022974064,0.0551597745003482,-0.13830640531013,-0.17725528193289,0
1,5,-0.0427836032363411,0.716513711335694,-0.0117676667381051,1.16627225502525,0.240325596578306,0
2,5,-0.0250800318016303,0.480159038233919,0.114535897742642,-1.68385125818534,0.429362669018157,0
3,5,0.0942900779097172,0.769194791305758,0.0741141222530708,0.313067650841332,0.334130925705198,0
1,6,-0.370595182018357,0.2759578375855,0.0463338877839715,0.515525341550033,0.115416786777468,0
2,6,-0.201997285108949,0.297968274680233,0.0632059158461487,0.734507267880316,0.176694547595162,0
3,6,-0.207719435050476,-0.0982022105488169,-0.00210866438520719,-0.361373648958238,0.275427798683042,0
1,7,0.12563442840473,0.517214034413782,0.0398293841126232,0.434571125460593,0.204473532445252,0
2,7,-0.0398622938868859,0.571404644483021,-0.0672960844465526,1.00938680616808,0.00938766052952499,0
3,7,-0.0498033366385882,0.587360048195058,-0.138692671082637,-3.61927324327586,-0.0887269399357938,0
1,8,-0.219025610953724,0.28908161991303,-0.0467650992028689,1.42256454830053,0.0788171014800551,0
2,8,-0.0492484799489582,0.687182330065965,-0.00492439976457429,0.613563448927385,0.0487374479526477,0
3,8,-0.0744883209441963,0.27870041917396,0.0562484070672848,0.655307326625524,0.224757893076512,0
1,9,0.338706857189105,0.115215975361092,-0.0659151546755605,-1.65413287389207,-0.268130854518504,0
2,9,0.207662530281201,0.202842113082869,-0.0727456769685267,1.25299013554974,-0.319011546426608,0
3,9,0.0204395942149616,0.66615313244213,0.0154620375246996,0.500251733770019,-0.486490695506774,0
1,10,0.0416794709869932,-0.567555913772484,-0.0589927111969742,-0.0585407069096807,0.265917189527199,0
2,10,-0.552704320564458,-0.309889879951777,-0.0451487732615686,-0.0335300335020914,-0.00207885080972415,0
3,10,-0.172211371305263,-0.625495715915524,-0.0731692801099683,1.38951076196835,0.222966934758851,0
1,11,0.0478183750517445,1.62847474283771,-0.0336080845714733,1.44818540202642,-0.0219516813729992,0
2,11,-0.10629934000943,1.19674845887542,-0.0914357533772464,-0.928243166329712,-0.025132834946948,0
3,11,-0.141791581262763,0.822456064717817,-0.0133709653232074,0.305864569492277,0.0869647043716578,0
1,12,0.0747508873613442,-0.440973704905523,0.00638584705446172,-1.89985477739033,-0.282123899553035,0
2,12,-0.00780223887724111,-0.231311748290203,0.130968428763217,3.85155122064404,-0.287894214808786,0
3,12,-0.142330407867757,-0.326018465938935,-0.0141644276698354,0.0662904309446904,-0.302216045742189,0
1,13,0.130964909749186,-0.103545955349402,-0.0492265635268322,-3.65175910057026,0.0476009904532481,0
2,13,0.176538369876494,0.162126631535655,-0.0378816393206361,2.05605367001041,-0.0408482696621897,0
3,13,0.211578224016768,-0.0624498395946578,-0.0236887334442276,1.74271893395435,0.0690083153685703,0
1,14,0.0313071921755574,0.467384301902079,0.0120306305353364,-1.20251925341807,0.0529505831394463,0
2,14,-0.327698705117978,-0.00876731754016451,-0.132309343022093,1.54523358870771,-0.00168707499010417,0
3,14,0.180444060410556,0.544792231590225,0.102545360115149,-0.271700310556085,0.1152728726334,0
1,15,-0.103684865529708,0.145596268946619,-0.00515018964894646,0.0556503109491116,0.306366592930777,0
2,15,0.263862733478321,0.188911303010212,-0.0455949612346296,-0.59823960947389,0.389247440470327,0
3,15,0.0177373432819103,0.358961518041277,-0.016268627313943,0.867011649060212,0.229904768230285,0
1,16,-0.0532079316358383,-0.0959029110748332,-0.0285187643138348,1.0570481469867,-0.119905222723383,0
2,16,0.0126305483639618,0.512779260516234,0.0399879052716134,-0.228610689474453,-0.181225531603978,0
3,16,-0.0679679056437228,0.339804956969213,0.0183794087840086,-1.51795151263807,-0.226896205909048,0
1,17,0.184820134769657,-0.292927401121637,0.112669513655494,2.97734776713854,0.138320620532796,0
2,17,0.0927545940190778,0.118618335852458,0.00688903922340769,1.93264027460898,-0.0495243938015585,0
3,17,0.0996403257490459,0.0520464260040827,0.0234897726287717,0.421252325932454,-0.0174293482383137,0
1,18,0.180124848579948,0.0853372057824137,0.00687517070468075,-0.747849720837615,-0.140902013848201,0
2,18,0.221497807324694,0.10190336821045,-0.0930741269460624,-0.601423845285471,-0.178687739184241,0
3,18,0.040137439286473,0.269348130816359,-0.0416214065959465,-0.579078846519641,-0.288070950247591,0
1,19,0.0857027754044014,0.168933962786417,-0.0207120028258794,1.12539447648131,-0.163861934302769,0
2,19,0.144501139114893,0.571527717234803,0.0686406837282797,-2.4429553528986,-0.243961178197559,0
3,19,0.0928091242367687,-0.0662197793359328,0.0792177851809978,0.10849270040069,-0.0430346228142586,0
1,20,0.248115063438557,0.282299170855322,-0.0199269117700223,-1.31528280447141,0.113360219577904,0
2,20,0.0554253627371809,0.107227801220829,0.0713583643280237,1.25774242995973,0.136225031255854,0
3,20,0.305820071772378,0.268659921100726,0.0824619946079109,0.32862028724127,0.185172295641053,0
1,21,0.242731782845859,-0.48468326274375,0.0287937379577349,-3.0457908771609,-0.191769621462335,0
2,21,0.07382865766504,-0.157690086754776,0.0526143176054286,-1.02290536222648,-0.406853574128943,0
3,21,-0.164595265819824,-0.479032710907443,-0.0191509424060758,-1.2729614133785,-0.444580447005507,0
1,22,-0.0998144459358809,0.201744608850797,-0.0643783439199297,-1.75132431959527,0.140701778105842,0
2,22,-0.049711377562375,0.562445714624595,-0.00955532162626644,-1.08389275006297,0.0805711912690139,0
3,22,-0.184075391079969,0.424276850970574,0.0940704757812876,-4.35631459989171,0.177904098950721,0
1,23,-0.394916490759321,1.27399531240849,0.0096541141268417,-1.03307264393119,-0.261969259350976,0
2,23,-0.019115748732391,0.957080296427228,-0.00492281801524625,0.0800480400167903,-0.233317633541286,0
3,23,-0.0645752961400803,0.847116713016164,0.0340224145384902,0.633859765111517,-0.178443451110678,0
1,24,-0.212923951216966,0.275727371938884,0.0019428832795557,-0.669837883203809,0.0244663507249204,0
2,24,-0.144573970574587,0.544246958790453,-0.0510189747907044,-0.284488943937512,0.0398748300404645,0
3,24,-0.326885489976445,0.509673623764078,0.0392634265988706,-4.70453077854877,0.0296789667797324,0
1,25,-0.0262660641359056,0.382106900870876,0.0922025684989651,0.621631172996055,-0.0765166699739731,0
2,25,-0.0616377766455247,0.208647171158855,-0.0443209593356718,2.17333979636837,-0.121713756256278,0
3,25,-0.0744671137017598,0.0641524635003368,-0.0923819251191315,2.36990706131762,-0.0911750796788055,0
1,26,0.0924268691985153,-0.704924324074778,0.0328347995856361,-2.13885102207116,-0.0909285506656469,0
2,26,0.0043976718252494,-0.850580251436805,-0.0377417795084345,0.839068625095203,-0.145662084571596,0
3,26,-0.113978053716009,-1.09445506266317,-0.042750355820949,2.17036297141639,-0.153624195664225,0
1,27,0.0126199178283504,0.617381758620723,-0.0347923643180435,0.646370417183182,-0.151660067611642,0
2,27,0.108986123924061,0.681815520344254,-0.0226864263463844,-2.93842679333663,-0.14016758546165,0
3,27,0.0333306846036525,0.510611457147153,0.0143532235379638,0.749879723303942,-0.0367522371915485,0
1,28,-0.112573804720584,-0.0954902623611741,0.000917953087908225,-2.14906269932745,-0.021894574476158,0
2,28,-0.190392002022259,-1.03814142481812,-0.0481496027282095,-2.39785349331631,0.124346781056017,0
3,28,0.0831176523917223,-0.464952477977783,-0.0613807631104349,0.450158225889372,0.174710934532719,0
1,29,-0.0434173896116912,0.664562386596593,-0.0732860012134642,-2.17929186771439,0.213348060589998,0
2,29,-0.0547745070348502,0.908297791793623,-0.101261554318645,-1.32473166052698,0.0297925981322603,0
3,29,0.0275449767137935,0.959266431320434,-0.0421200227717891,1.77107326401065,0.213075580593273,0
1,30,-0.298144190189802,-0.0854968382922688,0.0699308953783512,1.05397142307206,-0.000880786640140846,0
2,30,0.0581364895422104,-0.418472878013749,0.0386282703652285,1.57681731860675,0.168940163755479,0
3,30,-0.0222581123495241,-0.198609905027528,0.00500484012279777,-0.294013767161103,0.176350057503514,0
1,31,-0.0472569175247926,-0.493009954487881,0.0529082016009531,-0.325194965308062,-0.382544557120322,0
2,31,0.0636521564339863,-0.203505965608146,0.107581413559078,1.58219454394291,-0.350533554533991,0
3,31,-0.0632982578171194,-0.514688661678143,-0.169987479302333,-0.434458846146879,-0.462800751151729,0
1,32,0.0066735090438149,-0.654373210588556,0.0362236624292736,1.14862335798484,-0.0382736614965851,0
2,32,0.0131004651930632,-0.387163188680826,0.0493379848589474,0.210217963125146,-0.151515321450006,0
3,32,-0.0706355141560415,-0.414792092933953,0.0118532397553525,-0.251332660096944,-0.168203217986029,0
1,33,-0.0170760197381634,0.695517329437917,0.024256511774791,-0.881936829029672,0.036921644574145,0
2,33,-0.0865994315391117,0.808647133711761,0.0191475120709027,-0.550889834551152,-0.0542978007858696,0
3,33,0.035154778272345,0.92297685163116,0.016622533613404,0.129853843053278,-0.0291533016440962,0
1,34,-0.0780968419029973,0.144566663896993,-0.0501543583176405,1.15823284886256,0.148186563792155,0
2,34,-0.0160030161744873,0.459000204796209,-0.00705689132291441,0.896529371567348,0.0534771516483598,0
3,34,0.00304234965890562,0.28221512325628,-0.00658061433796839,-0.465850280533441,0.140838189340112,0
1,35,-0.0102237028555806,0.519645962674999,-0.0323076653198521,-0.0223207011766224,0.0404517976344799,0
2,35,-0.189895690143865,0.749044683560999,-0.0317781255285661,2.36635216523165,-0.0966427728379824,0
3,35,0.00316629256262142,0.169545906325887,-0.00234786994288203,-0.119261366743374,0.14399042301413,0
1,36,0.125459428558516,0.928568503593263,-0.0227594136373367,-0.268203038832544,-0.196016531984507,0
2,36,0.070588108193867,0.351292582615742,-0.127647152088499,0.0290344210401814,-0.0876284644608077,0
3,36,0.069876247789374,0.57848482096521,0.0545101449413051,-0.490911131253451,-0.0723862297869223,0
1,37,0.0498067511186092,0.287556465427136,0.081035878173994,0.0444002740845165,0.143938242852469,0
2,37,-0.0300027340418591,0.938553676187545,-0.0128165815480904,1.65432566867744,-0.108119007470944,0
3,37,0.0111554518884765,0.583595495069399,-0.047115596344617,0.326699629778729,-0.0214806583600436,0
1,38,-0.169269576344116,-0.179164237770623,0.096256153321064,0.909031582198978,0.331290644405496,0
2,38,-0.0387918495427272,-0.182425401514434,-0.0862137718038703,-0.212287448883645,0.246694240865225,0
3,38,-0.116453246576559,0.121809557723805,0.0304249339916259,-1.18882110518458,0.170133877673711,0
1,39,-0.021460250389551,-0.229632876495665,0.018784007418177,0.772401457153333,0.0564346289699615,0
2,39,-0.300114167686516,-0.414749972749513,-0.0631637654674959,0.488236100855417,-0.0367961818768278,0
3,39,-0.00530951461102827,-0.422796470873793,0.0654747902220876,-0.773832327771682,0.149417304391386,0
1,40,0.307046073481684,-0.560487524949101,0.108488219158724,0.64230014900798,-0.239597015116649,0
2,40,0.112078375698445,-0.805030321928507,-0.00813668066149351,-0.398597840494239,-0.295456260792481,0
3,40,-0.19563748939442,-0.645390538716501,-0.0662398564979397,0.979142161791062,-0.489942434959825,0
1,41,0.00128083053205241,0.76506486268482,0.0345082881697596,-0.657850896796319,0.0135826628549774,0
2,41,0.0299155287052159,0.121336652914847,0.0507490888400062,-1.84496768468985,0.299567248067277,0
3,41,0.0543407505710905,0.515993973432481,-0.0181389809670517,0.444674034740457,0.0698961620967992,0
1,42,-0.000134149579319384,0.0569472409665368,-0.0827439421782242,0.114419517924755,-0.136089768628902,0
2,42,0.270546163837339,-0.0209910274194781,-0.0831222719170032,2.73807727751987,0.0289732352040426,0
3,42,0.165937928723583,0.205955439294378,-0.0473453363313781,-1.1508058010397,-0.0769344868027287,0
1,43,0.021565690438902,0.152283066864146,-0.00462885281609274,-0.0662996968097687,0.0372343469155401,0
2,43,-0.122703907590625,0.146344268781649,0.0927772771802606,-0.141471023839485,0.117646287213604,0
3,43,-0.132589988026916,0.538613142267242,0.00954015849409393,-0.260207699313391,-0.120877545545751,0
1,44,0.20803342816046,-0.535409629367684,-9.43092466987733e-5,0.564005564260746,-0.458699846819126,0
2,44,0.08933834063631,-0.735539967652046,0.027445178635647,-0.463490687734172,-0.475558363650494,0
3,44,0.246327447750725,-0.929513977878835,0.0159840200556888,0.339812924415977,-0.298971533881392,0
1,45,0.131557703339014,0.306997469094125,-0.0144785598360024,-2.67693513529759,0.280108434717561,0
2,45,0.0985410272835235,0.333478878364259,0.00951061343543698,-2.3614310261056,0.281156848083281,0
3,45,0.0089386717864512,0.575747091172582,-0.0756135114378582,1.13071316320526,0.112107954986082,0
1,46,-0.0291436782423663,-0.60633599320864,-0.0790922281137023,0.45900070507581,0.217093497958705,0
2,46,-0.165351245661022,-0.0973421757896324,-0.0634248787020939,-0.0168264823701654,0.0563242720312176,0
3,46,-0.0942755915611186,-0.542046309503394,-0.0941423820412307,-0.0994328895248821,0.211922514386919,0
1,47,-0.12277329912319,0.676120957133198,-0.0285478067779855,-1.74781350811239,-0.01003409781061,0
2,47,0.202894772060295,0.165304609074904,0.00982107645931895,0.140266794069851,0.220970035779968,0
3,47,-0.163436239890243,0.631500464001693,-0.0373457781619827,-1.09145061937622,-0.0086329656914747,0
1,48,0.164557448475225,-0.225006903571488,0.112203300104046,1.43866402475487,0.0746288974169042,0
2,48,0.0773066715924927,-0.136185734155876,-0.0835287560640377,0.118717065926771,-0.162637474705943,0
3,48,0.0183178873376986,-0.14869896247364,-0.0829021249193065,0.270781578793932,-0.150823273471508,0
1,49,0.0819734311146815,0.207497983280743,-0.0316755548172979,-0.0238017566789311,-0.136091200711411,0
2,49,0.0612733050075207,0.420700312605259,0.120647323031295,-0.693694087090114,-0.0916946078406497,0
3,49,0.182097521792962,0.20594102832329,0.0202792942765302,1.87730428473411,-0.0701034449093939,0
1,50,0.111537502097567,0.0985821959673672,-0.0148984982651304,0.233077274694652,0.114950249769486,0
2,50,-0.177775202290301,0.602710601631248,-0.00791812127475254,1.59344277912221,-0.169967103231782,0
3,50,0.112551377545555,0.331907830439124,0.00528096457039007,0.762458577124457,-0.0208225937170391,0
1,51,0.0712260171510592,-0.434988823529105,0.00292593425318309,-0.313039155437038,-0.23269835977973,0
2,51,-0.0925568449780132,-0.459473381633406,-0.0710463808012198,0.166557063183238,-0.364748654812221,0
3,51,0.240411457194106,-0.863200263874653,-0.0174334772447704,-2.73489465964789,0.00232257977525671,0
1,52,0.10249209724631,0.226974607936421,0.0204479929316657,2.97592630246139,-0.003853169788988,0
2,52,-0.0537936017682203,0.412012516796125,0.0798087793683441,3.87043912546511,-0.103571655883376,0
3,52,-0.0433340627263993,0.115293433066753,-0.00185031503232914,2.38253092874658,0.0159960755436755,0
1,53,0.0221529296857604,0.0115883293860051,-0.0297414616143326,1.92008716860557,0.134042666123377,0
2,53,0.0314223797845287,0.46355029799097,-0.0207831287566079,-0.876297120642359,-0.0287994543948008,0
3,53,-0.143784154911272,0.59034854702429,0.013300884926492,1.39664658963781,-0.0525066829509956,0
1,54,0.294576120134311,-1.00212535587562,0.0833779266380926,-0.85828944447317,-0.0445947107011834,0
2,54,-0.169887765997052,-0.528434806732952,0.0987350051067037,-3.5829007445275,-0.327433916657277,0
3,54,-0.0967713949036403,-0.71632946098868,0.0323618424912423,0.360717496759987,-0.262012645077181,0
1,55,-0.200594006695937,-0.362661540114189,-0.1098393972888,-1.2699067280345,0.0940835275457799,0
2,55,-0.047594448658913,-0.189312584104173,0.0754854076937601,-3.92730137384565,0.154121461011799,0
3,55,0.00136209991931551,-0.233380308996922,0.00438584778466663,0.562532230952834,0.202077881293029,0
1,56,-0.149554145600236,-0.582546257530151,-0.00691860550936777,0.423692799158939,0.0559711883019691,0
2,56,-0.19837573517148,-0.791183414659394,-0.0165217142506958,1.32589883062128,0.0587594204914246,0
3,56,0.028151683596564,-0.792403858277359,-0.00223143289274629,2.29774765014708,0.180929553888821,0
1,57,0.0777700574010317,-0.71007522407598,-0.0273195719843127,-2.03878812777712,-0.0256062239831693,0
2,57,0.0293761237874798,-0.521111136524313,-0.02321360537004,-0.126949166546176,-0.0951083901059776,0
3,57,0.155324361911558,-0.723196100820142,-0.0118450380135909,0.235731940097373,-0.0166652009462106,0
1,58,-0.23637614760725,-0.591265905154549,0.0359440915868288,-0.221010443019058,0.285006072182079,0
2,58,-0.327654773626787,-0.211329868407002,0.0244011433751485,-1.89634678373561,0.166541699869968,0
3,58,-0.278850707041167,-0.454521251704705,-0.0233657715678953,-0.713452678088433,0.240590820784716,0
1,59,-0.138265297341339,-0.105553473813632,-0.0845264239760002,1.48569174769107,-0.388726980319828,0
2,59,0.0393728268994141,0.166849971461904,-0.0250932872958065,-0.450466355029594,-0.302369747208953,0
3,59,-0.131264828250399,-0.13950451341988,-0.0253842727825372,-1.17722911900834,-0.31457586621923,0
1,60,0.0393906136080356,-0.0727706134897355,0.0627287700498686,-0.74532183543219,0.0774857868137889,0
2,60,-0.00307935937796552,-0.069282633432072,-0.0611965299479999,-0.628088830894383,-0.0384201690266434,0
3,60,-0.126993111489645,0.174009176871165,0.00934210425395632,1.4339829848837,-0.101442242895091,0
1,61,0.0402203962488838,0.185858101024102,-0.0756651812406834,-0.32023223174109,0.331021161883123,0
2,61,0.146680700587161,-0.113939907413446,-0.0312440915453744,1.90112748838589,0.476372518248135,0
3,61,-0.0902853931926769,0.521847107222032,-0.105063557017653,0.152627594935056,0.165308575140844,0
1,62,-0.25054685333944,-0.295989632027737,-0.0824208815466912,-0.632349060524367,-0.253784698767327,0
2,62,-0.128118685377081,-0.338685028644587,0.0491707473960492,0.283081029469959,-0.0945037724741401,0
3,62,0.0164141896358664,-0.646720854869445,0.165177883997414,-0.615535180486034,0.107157598569745,0
1,63,-0.247603078520256,0.25118376348096,-0.00904901620991338,0.858439772368865,0.209408468440757,0
2,63,-0.250618224657442,0.210288658751358,0.0407954840116672,0.311645063608909,0.280034818473809,0
3,63,-0.148506543691453,0.175522063657901,-0.0526952766777175,-1.59393712152519,0.235638551058797,0
1,64,0.221569016125138,0.112213142038146,0.0249352064551012,-1.42323906850169,0.022247695074506,0
2,64,0.0454575700079906,0.374738406253658,0.0118294671401497,-0.081978768766332,-0.215101786805112,0
3,64,0.108041731107816,-0.0870695072119398,0.0794542113380637,0.347506854540055,0.000145608321063428,0
1,65,-0.0308394035245323,-0.482170261341765,0.0432700439714513,-1.40509160050725,0.0493290843727664,0
2,65,-0.036028293025572,-0.367143744557876,-0.0467444986171816,-0.928072933721898,0.0138462509491668,0
3,65,0.0332958647703496,-0.124745120518731,0.0169394176883266,-0.779018242308495,-0.074462875467771,0
1,66,-0.117465332433759,0.410296453345193,-0.0581299780098315,-1.03374402880989,-0.367986190484632,0
2,66,0.0237554746714497,0.0944184688974571,0.00266898933467156,0.108584778409093,-0.158504975496428,0
3,66,-0.0834835335086242,0.530634740505466,0.103905839957051,0.513419070983171,-0.280781738007565,0
1,67,0.0191860357305054,-0.711063072224015,-0.0464475032049001,1.68279457416689,0.201955662432056,0
2,67,-0.18097671324566,-0.189394799133758,0.012866682508504,1.34319827629429,-0.0326375240561391,0
3,67,0.0477862856588582,-0.014344191175796,-0.14331343558401,-2.08407325738741,-0.116227668063892,0
1,68,-0.250410442852299,-0.529282461053,0.00441973541654805,-0.784482890472849,-0.0137644396856387,0
2,68,-0.0787065686132271,-0.294670808154685,0.00921208488408153,-0.0941895518925115,0.0357376865883513,0
3,68,-0.0468655318738971,0.0531516215016626,0.00405090950250051,1.45114713005487,-0.0777247978153035,0
1,69,0.0514709291025673,1.18651031992828,0.0407604217682154,1.88190630380426,-0.0999333872259517,0
2,69,-0.195367884643543,0.799851167204325,-0.0454956680427773,-0.17059345364205,-0.140745768763949,0
3,69,-0.238600361082808,1.05807218064735,0.00617596595462989,3.58673912170277,-0.234364206906372,0
1,70,-0.0485468690302181,-0.0689166753277314,0.11963064962916,-0.330910229235781,0.334692110762793,0
2,70,-0.0317069953720788,0.710382583773202,-0.0063210130117656,-0.317174221057245,0.0624725317727224,0
3,70,-0.0781350815011083,0.119976228081796,-0.0854947532683939,-0.185213751319643,0.220636972462393,0
1,71,0.0987918594895977,-0.34549326187385,0.0297957241435362,-2.25535785379489,-0.224232259834678,0
2,71,-0.0043500530476734,-0.293261525749237,0.0844979547317914,-2.79853486954178,-0.261067803490977,0
3,71,-0.150751605794746,0.0206350653744891,0.0674379808940208,3.27393161199121,-0.423569988167461,0
1,72,-0.155408120786093,1.17496843906404,-0.0337893386640077,-3.1745614516475,-0.0767543635730882,0
2,72,-0.167971498715156,0.997868675142891,0.095313226859791,1.49913219641939,0.0389794221840547,0
3,72,0.0647495871506443,1.42451406679525,0.0610496340091133,0.468136989797871,-0.0518871396717315,0
1,73,0.0292933075018798,0.260672800828433,0.0120584540170095,-0.347203939929901,-0.118027272407338,0
2,73,-0.0854905108852972,0.28145776970895,0.067821810314618,-1.6706623242421,-0.196235270635942,0
3,73,0.108148372011263,0.545183804254335,-0.00330873980843869,1.12764312342151,-0.224339781928064,0
1,74,-0.355036047774295,0.438464067478671,0.0236479633855628,-0.632526609933454,-0.0653463228461304,0
2,74,0.0176824187377217,0.0934626891753845,-0.0139614567899042,1.87011833897877,0.0952540598255254,0
3,74,0.06078610346874,0.398873972424218,-0.00174898163834853,0.572275945341153,0.0613728188110591,0
1,75,0.0770531958764209,-0.639827520520734,0.068664949708367,-2.22314287574688,-0.238495849585847,0
2,75,0.05758160611349,-0.371281605892735,0.0147957086819604,0.347808373786913,-0.281856519858876,0
3,75,-0.139608326812848,-0.634649311264493,0.0503152495715994,-0.0835326772037092,-0.36046858672489,0
1,76,0.242350658689244,-0.420959704990129,0.0326142443126971,0.51281332466251,0.00708220711619709,0
2,76,-0.162775261337741,-0.203213631047719,0.0251597831397634,1.42003432541674,-0.219587815156165,0
3,76,0.0579800442583965,-0.249648460583196,-0.056055028660284,-1.83467377715771,-0.0867062111452968,0
1,77,-0.0956392599932355,0.580861560224881,0.145084535640484,-0.270265587192693,-0.145241407418682,0
2,77,-0.268286447116681,0.356161721806144,0.0769398172486915,-0.866598928404736,-0.150954731256843,0
3,77,0.246729425462023,-0.19970341834296,-0.089514609901382,1.3608941435433,0.0982888585429279,0
1,78,-0.0601726213101222,0.484720702679956,0.0791935969946133,1.67096440700297,0.0820398647910442,0
2,78,-0.223585117697743,0.329216808229312,-0.112446011541089,0.978843393516992,-0.0736300752598734,0
3,78,-0.119754476580934,0.365717987557511,0.0125397414613297,0.0205273056934347,0.0864311864539062,0
1,79,-0.160585833127364,-0.151662084951294,-0.170480092810172,-0.735233843113298,-0.115882346321321,0
2,79,0.0278029108464554,0.00573878772511058,-0.0538699822163529,0.952904391245086,-0.03600846723507,0
3,79,0.0514526603840524,-0.0320269568458597,-0.0667102029419762,-0.611305424581535,-0.00510499365983928,0
1,80,0.308170188870441,0.327541620202893,-0.076254101135656,0.978142187425403,-0.0603315986659812,0
2,80,0.152874855307142,0.103361353845801,0.0210418149513693,0.0825491194910966,0.0414928887819492,0
3,80,-0.103271127203389,0.320826409163594,-0.0255672070202881,2.00087646329773,-0.156187313603597,0
1,81,0.0844053125539037,-0.153521460138477,0.0972755503785272,1.49343125173708,-0.0271765891296619,0
2,81,0.190076085565088,-0.19670536976845,-0.0394317692828146,-1.13229913436172,-0.0496770445811184,0
3,81,0.08274060372716,-0.13866779727653,-0.00778692457780978,0.118126835232115,-0.0812637098520753,0
1,82,-0.220827551496925,-0.36921478530942,0.0349168379280878,0.251954862865706,-0.227284931108382,0
2,82,-0.106086693531361,0.299965974653026,0.0456531828977072,0.405144180833856,-0.346441795798239,0
3,82,-0.189374739742731,0.250930862599245,-0.00454896831905882,2.68203771081878,-0.318221829188475,0
1,83,0.240546555454425,0.144473437972407,-0.071233705837071,2.03438355928831,0.133705714091701,0
2,83,0.0742105915648028,0.301874820718855,0.0387810808939851,0.603996228870216,0.0457016322985201,0
3,83,-0.114619933189321,0.463361426979642,-0.0107182572943424,-1.41208370848295,-0.0862349732090836,0
1,84,0.254599489230158,0.846036330041726,-0.0721962695179495,-0.721174124791963,0.140922106003044,0
2,84,0.139327276370537,0.430295869004018,0.0740908841538103,0.917636757809608,0.280162847005576,0
3,84,0.145759700423463,0.733863182228427,-0.0468091532500675,-1.60609380916629,0.132320330205734,0
1,85,0.0166498355738851,0.577594728702082,-0.0136188825815856,-0.52760386621916,0.132932850182408,0
2,85,-0.0837400020800955,0.466406647608549,-0.0257403065379541,-1.98898073735188,0.127567202454596,0
3,85,-0.0346531889258024,0.0640205709983512,-0.0303531932341617,2.38186179753489,0.23016517997593,0
1,86,0.229000762337332,-0.100909819539579,0.0213426237224413,-1.88987059475464,0.13030098114026,0
2,86,0.074171937782703,0.171988605739455,0.0204226569435505,-0.0992521941044172,0.0320288300809163,0
3,86,0.200632606350203,0.171880413795012,0.0742282321125095,0.0147961187209044,0.0746434576641659,0
1,87,-0.203476496925319,0.483788356725753,-0.0976433990956665,-0.894860418727638,0.050877768768557,0
2,87,-0.0417404239797693,0.346865345455137,-0.0892167615293275,2.15843077324689,0.0813456523614284,0
3,87,0.138011458403873,0.5683735279456,-0.00551497186855244,0.40724971071291,0.183723079756844,0
1,88,0.116681354178418,-0.326139462106709,0.0150707438543557,-0.162723429163268,-0.470735839874344,0
2,88,0.366363133865853,-0.586541175355114,0.0117591793947802,0.0467709482994476,-0.247097775413181,0
3,88,0.101172060792794,-0.819863371641754,-0.0157946635683684,-1.79193481047527,-0.348351232717153,0
1,89,0.107504948673576,0.405476735252416,-0.0660452987361884,-3.38818178287529,-0.143850871193074,0
2,89,-0.0204160496629191,0.206082596306555,-0.0629735855166246,-1.47097450059707,-0.156954071726578,0
3,89,0.154171832812981,0.483596393528998,-0.0721085829980724,-0.735095477583464,-0.148440336930959,0
1,90,-0.0334053537594758,0.021865406298315,-0.0740792639658211,-2.61308299930648,-0.441598702960386,0
2,90,0.341348917962645,-0.368339193789475,0.0336645693657124,2.91920713900262,-0.117295612201646,0
3,90,0.235201541726119,-0.177639205982234,-0.000124787672321269,-0.0018061520493412,-0.231516061068934,0
1,91,-0.207553658541175,-0.597459003854647,-0.0160447008357142,2.77333916424027,0.234940327576523,0
2,91,-0.395522839399527,-0.322748499359314,0.0512072926980558,0.778604191336752,0.18576094534721,0
3,91,-0.28979020745356,-0.760844240171611,-0.123914569241598,2.00566039752378,0.220493636308467,0
1,92,0.0722844031980303,0.601730426737368,0.0436403789869623,1.24467957612542,-0.0425365012140697,0
2,92,-0.0891285130251203,0.351614851447564,-0.118645615737773,1.48027703393434,-0.0786505166426591,0
3,92,0.209028249340414,0.229688394608078,-0.0194775608632394,-0.409160287285491,0.0823313849255313,0
1,93,-0.115764153453133,0.34830080004262,-0.0230203162656583,-0.40973080770408,-0.066476757227972,0
2,93,0.251130997180371,0.160009188447246,-0.0292247990884964,-0.624442426428109,0.0853833893376506,0
3,93,-0.143230424252516,0.426936407489245,0.00627964550464602,-0.416399533075071,-0.0443277346340793,0
1,94,0.0971617985568748,0.355916305590991,-0.0331574847728527,0.826246062035111,0.293136615884434,0
2,94,0.152797411316974,0.351486829886396,0.0434297969440216,-1.71329194480678,0.399335905008398,0
3,94,0.148990902256625,0.268547446076381,0.103774873703057,1.36709230159644,0.47279912431732,0
1,95,-0.0391361082107272,0.160051673753087,0.0824283330099373,-2.27038811267492,-0.141192548989834,0
2,95,0.0301362428412298,-0.0135937870271672,0.105347192418596,-0.208210866589985,-0.0729270566508833,0
3,95,0.0554326715642595,0.279942582534811,0.0965852509384531,-3.80622833784468,-0.14282232005133,0
1,96,0.0387578490534828,1.15094619618875,0.00159732157687927,-1.32904011205312,0.147207993064625,0
2,96,-0.141978570046106,0.91717735540144,-0.0844950920466857,-0.859935415587003,0.149898153709867,0
3,96,0.0687443621037433,0.575210390112457,0.0547316555735461,2.48402771225067,0.333671214973322,0
1,97,-0.258427913839213,0.697237704900039,0.00809205093837422,0.920943585793733,0.313926147412027,0
2,97,-0.0804799159246172,1.04948969052021,-0.0825907268911198,1.17283043540462,0.218226749342335,0
3,97,-0.0904305285236421,1.20721951328778,-0.0377381889031059,-1.1264156636258,0.243312399211377,0
1,98,-0.194893249892824,0.688210608886314,-0.0295001670876693,0.84427988364202,0.416504035476606,0
2,98,-0.0244438317613656,1.23375348519692,0.0495781880430524,2.81733341611981,0.380684903791597,0
3,98,-0.339704826898745,0.887310323266745,-0.0895848257378711,0.428125624342387,0.303160025637094,0
1,99,0.135747429837928,0.404495709048985,-0.0656019831404081,-2.6173904271655,-0.119346038031809,0
2,99,0.0873711501408476,0.517850957310793,-0.0500066440486908,1.41426657337529,-0.242827222195596,0
3,99,0.0559009087440434,0.153014021951309,-0.0123780697768522,-4.82842729644066,-0.0686351344618493,0
1,100,0.0286015603718552,1.17671079998224,0.0823491152376131,2.86565011816222,-0.156435790923354,0
2,100,-0.089889100799949,0.919680131065281,0.0722922915046914,-3.61088535967739,-0.0402895687591541,0
3,100,-0.258851894812028,0.167932850324642,-0.00978084106890999,1.23360676456602,0.0225127129236117,0
1,101,-0.0417395830933544,0.34948333165381,-0.0290389099287912,2.41573874712617,0.0806965851258272,1
2,101,0.333431777804228,0.436241098984345,0.0063604116211219,-1.90754306165408,0.244883184999211,1
3,101,-0.0553426387793305,0.349577920512154,0.0407150229578435,1.38340538961607,0.118855229093189,1
1,102,-0.0777373306378111,-0.346859306418982,0.108876755970844,-0.663103763671648,0.138973814679052,1
2,102,-0.202876872898238,-0.383059596469537,-0.0554721379891986,-1.15720534706372,-0.0148520741677095,1
3,102,-0.0742801876209336,-0.305640002607618,0.0528706643517983,-1.02056902672592,0.113732376973037,1
1,103,-0.0461152684199729,-0.0240219401607524,0.0562056183426469,-3.11358612907771,-0.0964729533149254,1
2,103,0.0536284012315257,-0.040342822357999,0.0452073042470249,0.191619642995923,-0.101630009925139,1
3,103,-0.0714307503048343,-0.242939929880721,0.086210142701824,1.04360257218258,-0.0430647113640547,1
1,104,0.0241920116333134,-0.0390909813574934,-0.035742814777496,0.0919187978073968,0.0677045050741598,1
2,104,0.190790907468876,0.038021393866118,0.184351458841462,1.84969467729154,0.214478505164331,1
3,104,-0.168891890001147,-0.229914356985462,-0.0836375507710345,1.3021569745756,0.0745509059845816,1
1,105,-0.0883097127860871,-0.635186533231648,0.0843582104342301,0.447601950151008,0.0279306223435228,1
2,105,0.0371315365485099,-0.458507926144372,-0.063467227595461,-1.54989058775041,-0.00518120550160465,1
3,105,0.0671702618097039,-0.629140316394993,-0.0856419803283807,-0.879353822281183,0.0150336472278251,1
1,106,0.023197542995684,-0.107606991381514,-0.0485671656166636,0.952885756408271,0.123632748404537,1
2,106,0.0380790200198111,0.140511772086532,-0.0247164081889297,-0.481183340067993,0.00926886304739705,1
3,106,0.0256455392970641,0.213623151015258,0.0135422704815043,-1.02307602467411,-0.017105719279631,1
1,107,0.0798504324410462,-0.550488539478553,0.0361399207578283,1.35547423081348,0.139647146468323,1
2,107,-0.20604653876567,-0.59667148362346,0.151221060632856,-0.43848456679975,-0.000963848634151228,1
3,107,-0.0305562229681897,-0.469740407102561,0.0319756749488891,1.86845029524953,0.00230426918497936,1
1,108,-0.208850778367652,0.309362258260045,0.010952547060006,-1.0453792316517,0.174992026489377,1
2,108,-0.273381753342077,0.19865504407058,-0.112847475995832,1.037901189537,0.098843689681869,1
3,108,-0.233403729115934,0.042333892266813,-0.0912174335965807,0.813852798767864,0.210514601929738,1
1,109,0.290869378332255,0.243297060013794,-0.0640964816791711,-0.148478305720687,-0.479581339360007,1
2,109,0.367219901917034,0.21777008245402,0.0558421817357607,-1.41176668796915,-0.36978595824521,1
3,109,0.0375211321754222,0.275717847884191,-0.0822089817744785,-2.35661229625544,-0.588603877201996,1
1,110,0.111099788979377,0.0633168284731799,-0.120441475336345,0.882340477338237,0.0499569942034098,1
2,110,0.0644554655820236,0.332689585119533,0.0359107931274606,-2.57989828318257,-0.065365571507537,1
3,110,-0.180466821159541,0.193743181002845,0.0052134421056492,-1.27391815273842,-0.0696723592535922,1
1,111,0.023453110542378,0.479287815778859,-0.0266182573298132,-2.49201684591836,-0.182926415279113,1
2,111,0.0650747202696261,0.464974235583104,-0.089044397845889,0.416081836630779,-0.244695056578781,1
3,111,0.0294542173878218,0.567600402119864,-0.023460438730689,-0.58933454179707,-0.1912533204956,1
1,112,-0.0724540566418073,-0.578952983416073,-0.0316897482650902,-2.66884606837312,0.0768700055546437,1
2,112,-0.196588035592573,-0.617884817377471,-0.077006850010534,-1.28918926043939,0.000201419489239969,1
3,112,-0.120124517572802,-0.44946872566391,0.147666432298778,0.47208971455368,0.0403399972640334,1
1,113,0.1802053088188,-0.068093190292926,-0.0815816071680791,-0.0736330301952514,-0.160381488646698,1
2,113,0.0405849046750784,0.0773017279899036,-0.0488471642774823,0.288239908984776,-0.239084129493312,1
3,113,0.115422641702058,0.0698275439466175,0.0217793919142999,0.857672686658319,-0.20892389654742,1
1,114,-0.235738419915661,-0.33463336343404,-0.0331998202096677,-0.0370443123878943,0.0971471506621952,1
2,114,-0.110661721246592,-0.180406297594061,0.0367393316708407,0.133793389094689,0.12511708483749,1
3,114,-0.0619639112172464,-0.10550852377599,0.0753229561893347,-0.295719512545575,0.0494461608569373,1
1,115,0.175420788198619,-1.1421587051342,0.044741725346755,-0.740429272805438,0.00132919335909574,1
2,115,0.0686459622225482,-0.952306188792617,-0.0459914229038618,3.10023834015384,-0.183914277625315,1
3,115,0.209798733271653,-1.06892732645131,-0.0290787964458219,-1.93823903814808,-0.0364847388542805,1
1,116,0.275428153704153,0.233840110795425,-0.0164430310646338,-1.84156899985392,-0.29796577455848,1
2,116,0.183828684721797,-0.00720963131784848,0.0706638668405667,-1.83486917552547,-0.160674504339727,1
3,116,0.102766808372496,0.118933995669761,0.0476276476737199,1.59438930229416,-0.265399775090078,1
1,117,-0.0361003827731211,0.385592255684415,-0.0737163201397908,-2.31768813901146,0.0411697242452762,1
2,117,-0.0830447493309948,0.246495959631621,0.0149929449875805,-1.42324081414225,0.125809063481485,1
3,117,-0.0913143456370551,0.425108436725142,0.00905867339459911,2.06003640967432,0.041756023522099,1
1,118,-0.126252993535941,0.323820389868751,0.0287657109212343,-2.34870443727195,0.119699817568143,1
2,118,-0.160251666698773,-0.155703337022177,-0.0311873525023964,1.16088169361179,0.320051345866711,1
3,118,0.00975567017429902,0.203918999191691,0.0737575836326906,-2.79117622176088,0.23876795975299,1
1,119,0.208861501647708,0.339483415254832,0.0195534377219731,1.21237718191954,0.539393047936655,1
2,119,-0.256676930052576,0.666657119888475,-0.0137795375713204,0.988936560007223,0.202718608485028,1
3,119,-0.280740903900396,0.771990248992585,-0.0303607129263929,-3.26281571123967,0.114162532921043,1
1,120,-0.0963184415743687,-0.658005836353755,-0.0673662863031913,2.40044300601632,-0.00130870089680744,1
2,120,-0.0301161400466445,-0.678318964605507,0.0380319348491445,-1.651055951311,0.129267473569008,1
3,120,0.0752107196552513,-0.784526227205785,-0.142826633763354,0.425669825895265,0.202162430727197,1
1,121,-0.145008167183657,-0.502156423958777,-0.0284696054794528,0.516078826227334,-0.0887111931830905,1
2,121,0.00881372159195713,-0.412202612518686,0.140749286443769,-2.54081113923661,0.0154029740456524,1
3,121,0.306059021108804,-0.394599010737812,-0.0694828058143379,0.986072361836199,0.103266519165393,1
1,122,-0.114293473706523,-0.567366789418989,0.0821927434562191,3.38387599729044,0.165465073620819,1
2,122,-0.169131551563063,-0.798362308280035,0.0145039887202442,-1.29764912686449,0.157144484678215,1
3,122,-0.0995183156722167,-0.619426476186743,0.00418701283773999,-0.914155684989559,0.125520696559848,1
1,123,0.086800888713499,0.607871768661259,0.0500971630583697,-0.699956622869418,0.374632668471266,1
2,123,0.0581748784938813,0.844103506004299,0.0451982587486626,-0.975907338994549,0.23711518839617,1
3,123,-0.248481026806477,0.560694428356742,-0.0917306592275018,-0.65244664943093,0.14345788322666,1
1,124,0.184294946985894,0.142142480851291,-0.109051119159648,3.7667419118192,-0.416623193136779,1
2,124,0.373274474974743,0.356538505468733,0.159633123633816,-0.338838678879139,-0.293465794980663,1
3,124,0.0492293155853731,0.367062336997081,-0.0446568135348767,0.70080426835126,-0.530533955445049,1
1,125,-0.152054703836992,-0.63060138134236,-0.108669304911683,0.00855631670744755,-0.312134152071446,1
2,125,0.193523425147026,-0.513459733859608,-0.0571766799870035,-0.912607378857435,-0.126304033526304,1
3,125,-0.0481677851707969,-0.594610302594473,0.0235102689079336,1.06931510438306,-0.215338229973713,1
1,126,0.00834477199111452,-0.00986110990098397,0.01259478721006,-0.297234301181982,-0.270179400060046,1
2,126,0.145934449253276,-0.142731615184865,-0.154544243742159,-0.449971679408556,-0.153496359725524,1
3,126,-0.00435589298915656,-0.0670458553933372,-0.0627172331356923,-0.85346034017432,-0.260071532074891,1
1,127,-0.174982224530105,0.361438211262922,0.0273661702178716,-0.835620222523805,-0.160611577472748,1
2,127,0.0749608920322562,0.154924366098175,-0.0475760768301254,0.960941385487201,-0.0297018549209253,1
3,127,-0.0623456357327271,0.423924625579261,-0.0144130213309915,-3.03015832569905,-0.186536725332487,1
1,128,0.0305601365348015,-0.231499449877535,-0.0130234279271364,0.779926270588149,0.19542538056777,1
2,128,-0.210099636989875,-0.304999824108661,-0.0618044511960206,-0.312089785252371,0.0997446103256109,1
3,128,0.0163503291976189,-0.371946838051587,-0.0219513029589573,2.06212694536671,0.241571698758416,1
1,129,-0.0120498957545496,-0.104038287941162,0.130515850562173,-0.685858380728103,-0.39371807687001,1
2,129,0.311156698446572,-0.366952947767869,-0.0181359730910233,2.06065262513023,-0.127806886309923,1
3,129,0.0185652228237901,-0.28136193824376,0.00107502184085506,1.11524300172857,-0.324935787621257,1
1,130,-0.0273458919211669,-0.460897289991227,0.0165567054885787,-0.58783640041458,0.185077065142756,1
2,130,-0.152158372685288,-0.568847606592966,-0.0905429888303312,0.130487498619987,0.113645221464052,1
3,130,0.0108232813031162,-0.373782684647158,-0.0801335756059877,1.63715125871544,0.132540585317299,1
1,131,-0.0381558235882451,0.622593651922434,0.0130291259199199,-0.571700227823924,0.0954358532613663,1
2,131,-0.14011881190712,0.553241685976315,0.11039081944073,4.29909291384032,0.137945127934233,1
3,131,0.23443024730126,0.33994553034935,0.0825043875434513,-0.913207290367933,0.380227183227142,1
1,132,-0.0630456508191316,-0.116075294976739,0.0169533954073491,-0.245770484829008,0.0399810493557836,1
2,132,-0.0919897885418133,-0.0397546223081324,-0.0127793990370828,0.502156053196971,-0.0137617792699034,1
3,132,0.0541276111119664,-0.0715029762216417,0.00626871524075999,-0.184788413176381,0.0722073283684701,1
1,133,-0.089633805676995,0.303209257634611,-0.074143738656194,-0.0293479221774272,0.276648112178122,1
2,133,-0.315289185703642,0.131729053703408,-0.0628967005779224,3.24500977248627,0.232789965978799,1
3,133,-0.107236725036097,0.297502936386139,-0.0887402517251245,1.22366447670415,0.278685127729019,1
1,134,0.0714651240306894,0.198293414041461,0.0673821329229657,-0.285618388655098,0.191557227677934,1
2,134,0.128885493705729,0.0746039253921535,0.0461055866627469,0.0746041574536099,0.314748345430633,1
3,134,-0.263278238603014,0.188866475122804,-0.0558932424100103,0.159860185225301,0.0452247774788001,1
1,135,0.140832989125091,-0.714672166733054,0.131848578684535,-1.54854106693512,0.0767867328111122,1
2,135,0.175686891258863,-0.787596927270252,-0.140102598085714,-0.379858970281234,0.0463821861745328,1
3,135,-0.0999156386710145,-0.565341296223544,0.0327602664062303,-0.697417556264789,-0.155769571414005,1
1,136,0.0877951756305603,0.584329556123191,0.035532672765365,0.0508579380151402,0.0664184223539538,1
2,136,-0.0317593024195998,0.224686974531211,-0.0683861642838677,-2.01003849904313,0.130112407472483,1
3,136,0.114985134253836,0.400359491852971,0.109106397072689,-0.717504719875296,0.261689138998787,1
1,137,-0.0512036451378141,-0.256333917722999,0.0107900209760499,-0.172268857311648,-0.012973269975117,1
2,137,-0.146729210130074,0.0253745253406153,-0.000385501309819958,-0.965632450073643,-0.216257826730575,1
3,137,-0.071905644425116,-0.0959678809881214,0.0521550551814879,0.849834918603548,-0.0724084962708589,1
1,138,0.586315983837444,0.255622292576419,0.0828169623097975,1.99203853278723,0.102662083872058,1
2,138,0.335610383411409,0.505486200438327,-0.0443047500653383,0.370558771961221,-0.218362355781088,1
3,138,0.373687983557835,0.3367962116891,-0.00144111545942235,0.311800732975442,-0.162935728765198,1
1,139,0.0669925016803438,0.47108106972534,-0.0493895634521611,-0.768652052373449,0.0580978687125355,1
2,139,0.141802578153875,0.397827711683105,0.0149628920799648,1.54171191824005,0.204296626023512,1
3,139,0.194069024950526,0.547553631601338,0.00791757722022375,-1.52539460430171,0.162168963899921,1
1,140,-0.073441083283458,-0.235063373159209,0.0572244964248476,1.64133209055153,0.134979954693841,1
2,140,-0.321793788051808,-0.419461739014314,-0.0366306064314488,1.0381916802044,-0.00371232964961317,1
3,140,-0.18828171382353,-0.180976742494332,0.0630390566354478,-1.80656941993813,0.082734313609936,1
1,141,0.0654700027131186,0.348014220515548,0.0111935872598083,-4.61228061891728,0.0807848198976335,1
2,141,0.072931918143968,0.356699431041427,-0.062484997779481,0.551766115724756,0.0928749215257873,1
3,141,0.0856832629118691,0.367372538930553,0.0359443141341202,1.89452766990633,0.168606721585594,1
1,142,-0.0977291137579497,-0.546052431988579,-0.0188119945671825,-2.094031054008,-0.10240128564924,1
2,142,-0.0927365537528609,-0.594262861377956,0.0276520566808549,1.35278450918833,-0.0562129423708347,1
3,142,0.0360924276184702,-0.75063181757154,-0.00959368988331062,2.17346485455764,0.0259728310806374,1
1,143,-0.0212790943322733,-0.971140790386679,-0.0883712052065086,1.6498339418938,-0.146634288692985,1
2,143,-0.048626920796182,-0.992284021453723,-0.0360567988711135,-0.180110197397493,-0.147652434582689,1
3,143,0.0941816005061306,-0.954723357248473,-0.151897752901102,-0.0747583571003672,-0.0755620191028893,1
1,144,0.033968975449555,0.361907155039739,0.0772790713887366,-1.20334294450247,0.0210441810660937,1
2,144,0.0303216927236091,0.37047223495816,0.0442148070047892,0.304237262078005,-0.0549192235283847,1
3,144,-0.0826362588237454,0.148027785657842,-0.0605737035318777,-1.87605254381007,-0.0510976405623862,1
1,145,-0.0230792089073853,-0.956341868547562,0.0424093801074956,0.800564187216745,0.12561690358766,1
2,145,-0.293881337739811,-0.789553283072686,0.143870547500733,0.714341141075325,-0.0869869410619978,1
3,145,-0.294844551254579,-1.06519152815059,0.0147607986804518,-0.830979202902578,-0.0260276426509744,1
1,146,0.067481120675276,0.272760433126356,0.0463260688454407,-1.7501426763907,0.259027173658178,1
2,146,-0.0393034815887224,0.221048743003058,-0.0559173011065565,-2.45232423596617,0.165778939782036,1
3,146,0.0960687201096448,0.353731504185118,-0.0461206306723022,1.19861031195851,0.202131307697516,1
1,147,-0.1184739285458,-0.232224380100977,0.0712185680451853,-0.683462608641619,0.441736309308205,1
2,147,-0.191954139708152,-0.079070011288499,0.0947772184097737,2.27657706396182,0.232425505666173,1
3,147,-0.0224686059108894,-0.12704231168319,-0.0358951096043956,-0.502366998288798,0.322772373446605,1
1,148,0.249770250681167,0.504027719042166,-0.0633807356100788,-0.391091598604771,0.166483855189013,1
2,148,0.0291379836486915,0.503177158383212,-0.0404434274270608,1.89576853238629,0.0792575410517603,1
3,148,0.0813196174486591,0.572642244543578,-0.0183456740602446,1.09486773003214,0.101673553336558,1
1,149,0.0440170572081672,-0.617423693145663,0.00423928376653634,1.27609887660035,-0.108408926303923,1
2,149,0.190178519704787,-0.528767503605935,0.112693989282443,-0.92208571488359,0.012023424932899,1
3,149,-0.138970262056457,-0.581248325225944,-0.0715469283738231,-2.80265098764586,-0.271934340006628,1
1,150,0.024296542777151,-0.524528857199246,0.0223324051219858,0.622113489509056,-0.132478329754299,1
2,150,-0.172427744996804,-0.425746933089188,-0.0950537890295976,-1.14051348124691,-0.265970379626129,1
3,150,-0.171443357604988,-0.393788743007981,0.0269075556865024,0.450874796123158,-0.290370901100706,1
1,151,0.190544467905256,-0.311749020948191,-0.0726402563248873,-1.94472770559614,-0.212306021350926,1
2,151,0.176724899146971,-0.099124172401745,0.0178456450723933,-1.17597311757922,-0.375050416647021,1
3,151,0.112836800529697,-0.142883363249916,0.0211486134116827,0.60037315788338,-0.340845908421321,1
1,152,-0.113628769892359,-0.354699464893304,-0.0174761393743384,2.84814304954626,0.106997004746202,1
2,152,-0.274091575168055,-0.271002981772667,0.0319878982551558,-1.44347684628565,-0.00389509876035746,1
3,152,-0.063376128212932,-0.139374761032398,0.0436007649132298,-0.879647441165715,0.0406828717160136,1
1,153,-0.0449143594619931,0.184435933807616,-0.0537169177735359,1.98379905542104,-0.50021403529155,1
2,153,0.185721201790015,0.0892149857970695,0.0799224789253207,2.47548271985071,-0.221446804761018,1
3,153,0.121263744848851,0.0127884229051434,-0.0633033493023045,0.408719434443603,-0.339128544184508,1
1,154,0.233243963827759,-0.405326606123396,0.0870292621732588,-2.13873940306601,0.215046515995577,1
2,154,-0.0632893752801525,-0.383547847813227,-0.0890852476763977,1.45648545778937,-0.0493113752179827,1
3,154,-0.00731759804409046,-0.361663942873664,-0.0776919984669954,0.191725005071948,-0.00440978238856464,1
1,155,-0.0299566781669714,-0.512314318333436,0.0417328744266671,-1.88511206144864,-0.00693477365598001,1
2,155,0.108778150364143,-0.437676124105171,0.121692806711822,2.83233116065986,0.109527513051387,1
3,155,-0.0524630188847113,-0.734401245843129,-0.0115325465923533,-1.62253497376858,0.0710662935431812,1
1,156,-0.131764782383091,-0.283846811982647,0.0537354000379362,0.20097949777198,-0.123288081188093,1
2,156,-0.172270808977297,-0.636076036561293,-0.0176097145235857,1.08345470662797,-0.069453745538536,1
3,156,-0.0331177328231573,-0.663499616659845,-0.165581913000152,0.376102509234021,-0.0394582143559073,1
1,157,0.0131301048481877,-0.0667521639528676,-0.090337528758218,1.13528824960368,-0.465667661834049,1
2,157,-0.0824461634543752,-0.239005673094871,0.0375442655779402,-1.86459510391549,-0.408498301938593,1
3,157,0.187673759387353,-0.29886659761561,-0.139387429706808,-0.266372782323589,-0.298757635855223,1
1,158,-0.143543358311015,-0.0990142422482432,0.0449787065762633,0.86199009026874,-0.18790035884877,1
2,158,0.185388551111137,-0.239328240981684,0.00137369939172058,0.416081229003753,0.0563562569669223,1
3,158,0.168024851437782,-0.206413236522851,-0.00276835743212966,-0.739308920216837,0.00304164617433719,1
1,159,-0.0859984366674089,-0.491927132202135,0.011464011258517,-2.78049717895295,0.0233840709024542,1
2,159,-0.0314007170530916,-0.69930046950818,-0.0869666725221717,-0.467428607591656,0.094415685551706,1
3,159,0.124615720110081,-0.580562876738735,0.071521504783073,3.37509628257671,0.176638401768796,1
1,160,0.0865949064022914,0.0670994692941808,-0.0787666620260432,2.50351956117572,-0.0684761189300576,1
2,160,0.124578058883125,0.236522466104383,-0.0629900814986001,-2.82963961851787,-0.159818179814795,1
3,160,0.197701937610137,0.32466797705745,-0.0192403702132069,-0.941321602201149,-0.174081061047913,1
1,161,-0.108153798346353,-0.39570184219061,0.00436003481832522,0.348659019209676,-0.0813310386034251,1
2,161,-0.111279324115344,-0.628257912913479,-0.0493291798025825,-0.769805774138866,-0.0613316477599654,1
3,161,0.0733470347350771,-0.465630064352135,-0.0180824031680821,-1.19545544732969,0.0408330778984174,1
1,162,0.145091915787221,-1.20442830031436,-0.0114611603472638,-0.626873070464559,-0.204584962524628,1
2,162,0.0228098260379978,-1.27124857016973,-0.0436542526715038,-0.376889620528484,-0.321849311586134,1
3,162,0.26649934264316,-1.26662432222979,-0.11688122479521,-0.789335593996497,-0.130337349706674,1
1,163,-0.107961069093373,-0.526006002284521,-0.08721221485719,0.152782045373367,-0.256860035005827,1
2,163,-0.099452122970158,-0.338069165603996,0.0640200562064954,-0.861199209036512,-0.321580248542216,1
3,163,0.144212990200678,-0.305233135653941,0.0413489484433457,-1.32817040281119,-0.182256900958787,1
1,164,-0.0167091941512717,0.367998414170642,-0.00832352008245453,3.4472970722969,0.401187726106182,1
2,164,0.267947812493889,0.332969058521882,0.00163374810776747,1.64362702662882,0.581040359362129,1
3,164,0.0471258330529994,0.445594642230262,-0.157958227351881,-1.94023376058699,0.290599190339145,1
1,165,0.0641415860627349,-0.662119552332143,0.00435352128067883,-3.32743267357183,0.0743213499655766,1
2,165,-0.0924939858280971,-0.873010208360579,-0.0169500096032814,-0.889889688955535,0.042787861526667,1
3,165,0.0471514405845228,-0.916769351855614,0.00111024443389081,0.917050528658605,0.146063041736643,1
1,166,-0.0683783996065091,0.031890757103264,0.158864979422215,0.128981191079831,0.316143584828771,1
2,166,-0.167177827118636,-0.0557359089577656,-0.0487170153783199,0.575291617528,0.281631547405707,1
3,166,-0.223929861392023,0.0604012773155661,0.12452281959025,-1.29886017559621,0.232423567662644,1
1,167,-0.103314640160213,-0.200615329412735,-0.0345398124602638,1.26111620647663,0.439830828021131,1
2,167,-0.208531434310414,-0.115234938864518,0.0632993820477505,0.533965458791638,0.392908388883784,1
3,167,-0.134195914449349,0.0263178753421505,0.0108207889462817,-0.542872444075607,0.371580005196509,1
1,168,0.0589950640334879,-0.182368980098163,0.0181615809700234,-1.68156352127348,-0.13480169687646,1
2,168,0.0214066396615694,-0.193351379079801,0.0445136275371716,0.355289739991191,-0.172960456776283,1
3,168,0.18082480638091,-0.0705655319537987,0.129097764583385,0.668834160428755,-0.141236177117206,1
1,169,0.105316179050899,-0.642811924008462,-0.0563265203872525,-1.10448129243789,0.107659377784138,1
2,169,-0.196283644304269,-0.717476153728145,0.0322340878932668,-2.3858468825495,-0.0860198265395126,1
3,169,0.297193595882163,-0.423679269921186,-0.0771968122680457,-0.805029496485766,0.128812163936747,1
1,170,0.0947943912789459,0.219029701095982,-0.0471626688748335,0.409595109767926,0.270034345397153,1
2,170,0.0123438997753536,0.141662884827357,-0.0431988674632506,0.133395356339285,0.33136798177081,1
3,170,-0.111292135573963,0.141040531994444,-0.0770658230776198,0.308475974300072,0.208544672923606,1
1,171,0.0160674406503364,0.0809769044142193,0.0881646495128415,-2.40807102078606,0.083842255192145,1
2,171,-0.111435804414177,0.0575816543261601,0.0151296882190579,-2.40278076697021,-0.0449562959908459,1
3,171,0.0907605210321747,-0.031095499089917,0.00088951960028736,-0.814595730608254,0.140386478151159,1
1,172,-0.0743037394847724,0.2731829746698,0.0720230781116532,1.57954425084035,0.113975986385,1
2,172,-0.0549458307305195,0.104242023067812,-0.00812988594666475,-2.09653888994077,0.202282918485465,1
3,172,-0.0984932987149707,0.260468387384449,-0.0329670162803404,3.03860478032683,0.0635996726127411,1
1,173,-0.288405214932601,0.531203635971429,0.00131664997512277,-0.295651208109795,0.169212362776922,1
2,173,-0.180169766711424,0.34357353180798,-0.00548849180762812,3.24080827177157,0.231445777244805,1
3,173,-0.0601971188892371,0.414753763781231,-0.0828681551984667,-0.193802316882554,0.245455483660541,1
1,174,0.00810757794035556,-0.133902166862285,-0.0224281681406927,0.346801942455391,0.13549017069792,1
2,174,0.0122482556872395,-0.207205469928812,0.0122575439542922,-0.804526436787174,0.230472599998515,1
3,174,0.145434720237704,-0.323960648471272,0.026982218356506,-0.190000473905842,0.291001153006889,1
1,175,-0.0265701861747675,0.644953368473778,-0.055122450294357,2.20697457340086,-0.0573974344285064,1
2,175,0.257155432158929,0.469974126974499,0.0155216096639108,3.19701036648454,0.136256150135277,1
3,175,0.249471646998088,0.437792364668983,-0.0423030650228314,-0.033702061411663,0.157227314607127,1
1,176,0.045812881514468,0.471087070967628,-0.00968127875496959,-3.03878420596379,-0.0317290512616324,1
2,176,-0.102883621334352,0.524227539516374,0.0288089685933862,1.28484775391759,-0.0417937465158485,1
3,176,0.0417534585699291,0.52071149973989,-0.0432070311912946,1.1822152309784,-0.0245198549751933,1
1,177,-0.0107169148310516,-0.0758748459272166,-0.0639931462924905,-0.154132670898255,-0.243230368438009,1
2,177,-0.00043007612718911,-0.254656833167985,-0.0736579005865671,-0.466558742152061,-0.133184646785417,1
3,177,-0.0153369732219477,-0.126014874443039,-0.018017125123276,-1.17399276771719,-0.188264776825547,1
1,178,-0.0158020025997076,-0.296961454746938,-0.0721382850363046,1.65015685273956,0.115522869776456,1
2,178,-0.0194028555366845,-0.0621102258961403,0.0324812782893597,1.49622542622345,0.03660803405297,1
3,178,0.0314769874785914,0.0170206919508409,-0.040406702840224,1.90518524144925,-0.0448901271851744,1
1,179,0.0911144610456154,-0.0219804121826946,0.0570956979745079,-1.15839285738472,-0.00180628892635133,1
2,179,0.362922287575095,0.154540617650836,0.00479058897835291,0.637246318695688,0.024515857727381,1
3,179,-0.0055973574298462,0.2493298250537,0.0436431775332661,2.19342144147962,-0.180644705627742,1
1,180,-0.00112341590233405,-0.199232779245019,0.0146733246024746,0.801529595077242,-0.145574231831958,1
2,180,0.0625252762083914,-0.419711173340317,-0.0260606055661968,1.4627759492136,-0.0235521367190906,1
3,180,-0.188320706186659,-0.221519844526719,-0.0806941277799779,1.73056431929336,-0.216843883403198,1
1,181,-0.0141605635748963,-0.395552281133395,0.0672313031262304,1.55814876154618,-0.0617763268382439,1
2,181,-0.0689074130445296,-0.596244600768547,0.0777388121073475,-2.70570402362766,-0.0565493602895013,1
3,181,-0.144900047480148,-0.530749177479021,-0.00650507117854725,3.8895642181531,-0.169435137214733,1
1,182,-0.110810772875303,-0.21430737975526,-0.0355345268811309,0.499959434669373,-0.000241813607347777,1
2,182,-0.19903802868023,-0.144507973534421,0.000936589821095332,-0.785303121745908,-0.108961905565352,1
3,182,-0.160060727497092,-0.243907163456467,-0.0348422464215372,-1.62904498162582,-0.075268080430741,1
1,183,-0.172182279982159,-0.191233717777648,-0.0265140197120341,-1.52088967495175,-0.100962016528915,1
2,183,-0.243592109967751,-0.258794301865633,0.0966669266083088,-0.23033753194614,-0.0520856204643691,1
3,183,0.204539935110068,-0.341141075515627,-0.0422277157153199,0.673141540730211,0.119679079619377,1
1,184,0.276635430309569,0.00229644447676822,0.0202958984503465,0.846463808236345,-0.1672782943823,1
2,184,-0.0282123044510504,-0.203719914382928,-0.104008210581186,2.41740311509838,-0.349397503019948,1
3,184,0.138435187481791,0.0815373788764957,-0.0362295210542228,0.732133272881777,-0.345859595965531,1
1,185,-0.259484391495555,-0.383844904375977,-0.183561815727353,-1.49614197677228,0.0330900993756077,1
2,185,0.134765457477163,-0.54260335757349,-0.0533671247082406,1.52438715256344,0.37959722993951,1
3,185,-0.252356936865858,-0.580873447296133,-0.0294470452078713,-0.229867917186213,0.151458205938825,1
1,186,-0.126569440539268,-1.07617327140447,0.023144447603194,3.41168766016687,-0.0872390103662852,1
2,186,0.231489293004418,-0.833762586889066,0.00881896673470767,0.132838632816628,0.102701215651025,1
3,186,0.0441484599435405,-0.944284466341551,-0.13330737393528,2.09087231749341,0.000576336447471726,1
1,187,0.0189949867123901,0.774362858033863,0.00282826815946191,-1.3007199572459,-0.177840982449025,1
2,187,0.0881543251522446,0.747188923899176,-0.0228875819038394,-0.827741514326045,-0.130743816568508,1
3,187,0.148369728936048,0.735043206209628,-0.0930918160536497,0.055911939950605,-0.154459397089746,1
1,188,-0.263752795367808,0.121991747612736,-0.013446641521518,0.133463544283501,-0.0917356401888339,1
2,188,-0.231106157947812,0.0700940422405948,0.0285881511977007,2.00418329201526,-0.0720545311089895,1
3,188,-0.0209000551033628,0.0889672267809288,0.0973786200627236,1.94196657003539,0.0545398064768709,1
1,189,-0.327263958300362,-0.536882503133602,-0.0109072013212809,-0.915256547718174,0.128532953350174,1
2,189,-0.0830511033566581,-0.293950330542064,-0.0556610523178897,-2.173714014584,0.166667491670772,1
3,189,-0.36304846005519,-0.598661845373126,0.0275017708128025,-0.234925126363473,0.0983372131933127,1
1,190,-0.0458920627425872,0.0803468273200732,-0.0291949794972179,-1.3621298249529,0.0792569521645043,1
2,190,-0.155552738808853,0.192818275811767,-0.050343212730962,3.45459828478238,-0.10911743274726,1
3,190,0.102417523111264,0.317011835840604,0.0456981438029271,-2.56391684921487,0.0557739462385457,1
1,191,-0.0934116690565425,-0.834087437084766,0.0331563521866127,-0.436795577444811,-0.091193713114903,1
2,191,0.0864744820104835,-0.790029924524405,0.00525156916536369,-1.96745967522254,-0.00270903433669749,1
3,191,0.0474363714794398,-0.790014115862853,0.0563010731655653,-1.8030679717202,0.0317087438626504,1
1,192,0.201795703149376,-0.381878106062239,0.0101616166770277,-1.42017603909338,-0.310490765402298,1
2,192,0.101391749082072,-0.594915484360562,-0.0889462051611811,-2.06568017430717,-0.304836602739337,1
3,192,-0.0658990560838961,-0.479730319633115,0.0568415384206034,-0.0594829558251014,-0.421218625676519,1
1,193,-0.0499924066729065,-0.282084440016968,0.0480247352866728,-1.20623596683076,0.0896696802444692,1
2,193,0.156740423534452,-0.181927329178328,0.130714760350446,-2.02390374337673,0.162268313903732,1
3,193,0.0202735359116836,-0.590670691466441,-0.154699645243035,-2.05886803361779,0.159870813358454,1
1,194,0.192373673200007,-0.268280126755453,0.0559947865491067,-0.12570215069189,0.0497318075128914,1
2,194,-0.00773561866787587,-0.248436148389244,0.0230042171034426,-0.61771728958091,-0.120508086290785,1
3,194,-0.168157008183997,-0.251110276117473,-0.055613442374903,-1.36824364422221,-0.225509116351849,1
1,195,-0.106427136116574,0.111543737368336,0.0636578947312339,0.470313253792512,0.109520650842222,1
2,195,0.219807459499061,0.0978430270574651,0.0840478252457279,-3.11422949295223,0.257743632847765,1
3,195,-0.0457914617831956,-0.0149167741323354,-0.0400496099778408,1.07777617549183,0.130418002647327,1
1,196,-0.0931508172762885,0.11616833374035,-0.0694568126202167,1.6560485226564,0.205763926456432,1
2,196,-0.105607304877092,0.0221587970381925,-0.0388560930455842,1.79535505857486,0.188575925999346,1
3,196,-0.0838062117536885,0.169698407284364,0.0531280224332015,-1.5024094543385,0.245827285319919,1
1,197,0.00411757789509273,-1.38095503892797,0.0285423471676237,-1.78516309834967,-0.18965636728109,1
2,197,0.0483641341074091,-1.38412232588687,-0.0199323019055212,-3.6407548363988,-0.159141767537655,1
3,197,0.0889842834662968,-1.26168143470489,-0.0328072653939223,-0.321929509879994,-0.197524364466348,1
1,198,-0.0125912953637832,-0.640472517457037,0.00369282818369684,-0.554809620434708,-0.250839667574807,1
2,198,0.141917623378728,-0.563013474408735,0.0903380553624622,-0.0154003058008163,-0.154708994075313,1
3,198,-0.0339602866558981,-0.890033824290693,0.0246999411370996,-0.704572964255088,-0.1665369734077,1
1,199,0.0712095587422433,0.380477165378787,-0.0944312690763261,0.527151936584268,0.281779675269958,1
2,199,-0.0197797590382594,0.392958518678742,-0.0809489672933703,0.862749605085715,0.21012241814278,1
3,199,0.00365356718020226,0.471365008641597,-0.0856512973901421,2.418086954518,0.185803892689375,1
1,200,-0.0243978988705559,-0.269869381620543,-0.0116220374570825,0.774222582944082,0.124174187740406,1
2,200,-0.0431968755352937,-0.293769872929036,0.0300694291987672,2.67554756032153,0.124275785760928,1
3,200,-0.0793512000333905,-0.432064563179298,-0.015944899695304,0.291377531325717,0.185402198392225,1
