id,eta_phiS_SAEM,eta_deltaS_SAEM,eta_phiL_SAEM,eta_deltaL_SAEM,eta_deltaA_SAEM,eta_phiS_mean,eta_deltaS_mean,eta_phiL_mean,eta_deltaL_mean,eta_deltaA_mean,eta_phiS_mode,eta_deltaS_mode,eta_phiL_mode,eta_deltaL_mode,eta_deltaA_mode,eta_phiS_sd,eta_deltaS_sd,eta_phiL_sd,eta_deltaL_sd,eta_deltaA_sd,GROUP
1,-0.0791695,-0.238103,0.00709289,-0.14096,0.208234,-0.0565579,-0.249522,0.0190808,-0.0365436,0.227766,-0.0686221,-0.289754,0.00427669,-0.0164624,0.221689,0.108491,0.224207,0.0813868,0.413325,0.0850771,0
2,-0.0128514,-0.00980513,-0.0121649,-0.0454843,0.150505,-0.0227638,0.0194243,-0.00770849,0.0448974,0.139055,-0.0303431,0.0549312,-0.00338891,-0.00317313,0.122659,0.119528,0.221101,0.0738817,0.332881,0.0973127,0
3,-0.0150706,0.122723,0.0238244,-0.0214109,-0.0435191,0.00125125,0.0987295,0.0216664,0.0682766,-0.0311922,-0.0200094,0.0826061,0.0116946,-0.0140016,-0.0451259,0.104273,0.257512,0.0776984,0.39479,0.0922956,0
4,-0.0221522,0.0669531,0.0232277,-0.143861,0.0376371,-0.0403463,0.156178,-0.00907018,-0.123901,-0.0100058,-0.0380434,0.0838067,0.016351,-0.0213833,0.0176739,0.140602,0.297873,0.0811795,0.408963,0.112741,0
5,0.00267152,0.473579,-0.043676,0.0921712,0.251855,0.0289316,0.503597,-0.000225269,-0.0322135,0.285262,-0.000184701,0.528228,-0.0468332,0.0235744,0.231727,0.103108,0.191944,0.069076,0.36143,0.0805067,0
6,-0.088508,0.0077337,0.01642,-0.0308617,0.242518,-0.126388,-0.00204489,-0.0204404,-0.0388968,0.199533,-0.108928,-0.0701611,0.0158968,-0.0354418,0.247507,0.118409,0.329941,0.0772584,0.407669,0.106605,0
7,0.00413665,0.451692,-0.0189095,-0.0140632,0.0647594,-0.00206862,0.432118,-0.0340934,0.0618322,0.0559919,0.0018845,0.459547,-0.0198611,0.00555246,0.0540094,0.0996379,0.214279,0.0627905,0.43519,0.0845138,0
8,-0.0554508,0.407144,-0.0345375,-0.0216066,0.0770575,-0.0332946,0.462304,0.00563556,-0.00470394,0.0950082,-0.0167334,0.496515,-0.00990692,-0.00420748,0.0738388,0.0902817,0.193958,0.0601948,0.401346,0.070236,0
9,0.0793547,0.08913,0.0138048,0.0532273,-0.338931,0.0859262,0.13387,0.0174424,-0.0108201,-0.353597,0.0706442,0.0664717,0.00197877,0.00886461,-0.3475,0.101091,0.167136,0.0659945,0.427881,0.0678793,0
10,-0.121978,-0.449515,0.0471258,-0.0525286,0.171348,-0.0709315,-0.602276,0.01223,0.00230815,0.21694,-0.0932175,-0.640536,0.0119092,-0.0345106,0.212215,0.122206,0.23716,0.0786597,0.348466,0.092924,0
11,0.00360216,0.864258,-0.0759311,-0.0473625,0.0469921,0.00902563,0.806779,-0.0372463,0.0605402,0.0895398,0.0212473,0.862458,-0.0468493,0.00716149,0.068972,0.108717,0.202786,0.0733335,0.351626,0.0778753,0
12,0.0144245,-0.240191,0.0101399,-0.0466593,-0.371224,0.0165477,-0.29121,0.00539285,0.0550925,-0.355963,0.0540902,-0.27006,0.021594,-0.0057644,-0.339016,0.0997151,0.194988,0.0843815,0.464891,0.0677613,0
13,-0.00289611,-0.158736,-0.0140281,0.0376128,-0.0373404,0.0562984,-0.205796,-0.00872857,0.0795443,0.00365663,0.0149814,-0.191408,-0.00119062,0.00757372,-0.00987789,0.0872978,0.164635,0.061166,0.388173,0.0657383,0
14,-0.0242107,0.157679,-0.022723,0.0333784,0.0331409,-0.0104563,0.172291,-0.0140912,-0.027526,0.0350754,-0.000725313,0.2017,-0.00748458,0.00214001,0.0309322,0.0997006,0.225438,0.0579843,0.408212,0.0791527,0
15,-0.0514605,0.110009,-0.00303557,-0.018551,0.296546,-0.0300941,0.230991,0.0280375,-0.106306,0.295593,-0.0773884,0.216364,0.00303587,-0.0180346,0.256942,0.107637,0.258253,0.0852035,0.419406,0.0977386,0
16,-0.0602366,0.3162,0.0283756,-0.0360722,-0.238806,0.00181021,0.384107,0.0578416,-0.0636874,-0.219611,-0.04114,0.426745,0.0555955,-0.0494105,-0.248537,0.0968055,0.319985,0.0698221,0.379829,0.099584,0
17,0.038553,-0.166567,-0.00706478,-0.00780528,-0.0771132,0.00968766,-0.123698,0.000380299,-0.0318837,-0.0928104,0.0392818,-0.180415,-0.00337235,0.0143452,-0.0668777,0.12123,0.220957,0.0748192,0.424621,0.094706,0
18,0.0665305,-0.0635391,-0.0100079,-0.000369157,-0.188898,0.0837504,-0.111555,-0.0355245,0.0363381,-0.176186,0.0791748,-0.0931555,-0.0141083,0.0298263,-0.175786,0.116502,0.187063,0.0867266,0.418438,0.0906741,0
19,0.0245617,0.107233,-0.0247584,0.0248636,-0.257152,0.0382926,0.20678,0.0237716,0.0362989,-0.247479,0.040336,0.196676,0.00500104,-0.00135738,-0.260502,0.112552,0.229082,0.0719308,0.410997,0.0879646,0
20,-0.0020253,0.218172,-0.0119073,-0.0313129,0.00484738,0.035648,0.160608,0.000785583,0.0478958,0.0436996,0.0071563,0.208823,-0.0123566,0.00755972,0.0099302,0.106557,0.21844,0.0709759,0.389455,0.085087,0
21,0.0625437,-0.445405,0.0237256,0.0394609,-0.361831,0.0987869,-0.524778,0.0273472,0.00711401,-0.317974,0.0693439,-0.517917,0.0256614,-0.00410895,-0.337328,0.124103,0.189345,0.0762416,0.409146,0.0921431,0
22,-0.0629829,0.174329,-0.0220826,0.0119277,0.156715,-0.0417345,0.17539,0.00109383,-0.0507116,0.1789,-0.0316338,0.200995,-0.00997063,-0.000182684,0.164247,0.102614,0.242465,0.0739527,0.373626,0.0896338,0
23,0.0139836,0.741014,0.023625,0.0101042,-0.177357,-0.0279834,0.683667,0.00581359,-0.0883062,-0.182181,-0.00274713,0.734572,0.0132556,-0.0241941,-0.185338,0.113755,0.215505,0.0649108,0.341423,0.0837986,0
24,-0.0756357,0.510798,0.0386293,-0.0844706,0.0547752,-0.0319155,0.636412,0.0426258,-0.142189,0.0369705,-0.0636526,0.634997,0.035187,-0.0396142,0.0203501,0.109926,0.276616,0.0600045,0.430686,0.0731016,0
25,0.032269,0.0321573,-0.00311889,0.0275131,-0.051248,-0.0175726,0.102947,-0.0247959,0.0665772,-0.107128,0.0235655,0.0592857,-0.00734325,0.00963678,-0.0699431,0.107633,0.190598,0.0709459,0.400942,0.0802659,0
26,-0.0145605,-0.931269,0.016171,-0.0357486,-0.152066,0.000371106,-0.917212,0.0202311,-0.00793198,-0.14919,0.00419145,-0.91024,0.0290734,-0.0271215,-0.14037,0.0968448,0.195171,0.0949729,0.372187,0.0731353,0
27,0.0947733,0.291439,-0.0666305,0.112302,-0.0629832,0.0541071,0.312057,-0.0742536,0.0505814,-0.0892224,0.102299,0.318263,-0.0622153,0.054639,-0.071708,0.129814,0.148173,0.0835527,0.357142,0.0843654,0
28,-0.0881634,-0.213632,0.0410177,-0.111553,-0.010228,-0.0802421,-0.197379,0.0274527,-0.0669219,-0.0240959,-0.0782723,-0.342484,0.0281129,-0.0433229,0.0183931,0.0944352,0.385166,0.0717267,0.446152,0.102516,0
29,0.0463631,0.607901,-0.0809528,0.0795498,0.171279,0.0657509,0.630028,-0.0704622,-0.0148235,0.18058,0.0584627,0.605415,-0.0780944,0.0445731,0.174678,0.106026,0.159514,0.0816906,0.337151,0.0852463,0
30,-0.0986728,-0.501183,0.0192267,-0.0465476,0.113018,-0.0474815,-0.453258,0.03533,-0.103841,0.130037,-0.0586856,-0.533398,0.0127802,-0.0235431,0.134517,0.102715,0.261898,0.0799839,0.342507,0.0832692,0
31,0.0230202,-0.426978,0.0302413,0.0542436,-0.410324,0.040479,-0.409883,0.000996901,0.0321137,-0.428269,0.0646261,-0.426637,0.0264442,-0.00684945,-0.396967,0.113678,0.162857,0.0719452,0.410308,0.0737851,0
32,-0.056977,-0.612202,0.0302661,0.00851468,-0.14891,-0.0680317,-0.660296,0.0148315,-0.100347,-0.145471,-0.0344454,-0.630859,0.025507,-0.0320475,-0.131594,0.132683,0.225568,0.0675302,0.400231,0.0810011,0
33,-0.0433015,0.723115,0.0121771,0.0252734,-0.00465254,-0.0324489,0.700784,0.0210509,0.00722831,0.0106713,-0.0230274,0.753071,0.00578265,-0.0214396,-0.0147333,0.123152,0.224229,0.0610716,0.406236,0.0664503,0
34,0.00900114,0.0969234,-0.0280046,-0.0260049,0.135654,0.0118772,0.0501751,-0.0264191,0.0280338,0.147819,0.0148765,0.0677168,-0.0297326,0.0275633,0.140554,0.105499,0.223814,0.0777703,0.358162,0.0960377,0
35,0.0105648,0.313505,-0.00826805,0.0242231,0.036825,0.0142623,0.289824,-0.0280169,0.0126709,0.0275264,0.0129881,0.300771,-0.0204924,0.0122437,0.0277195,0.116279,0.217993,0.0592686,0.355506,0.0895032,0
36,0.0927824,0.347506,-0.0172308,0.0626836,-0.0719773,0.103338,0.40875,-0.018081,0.00126067,-0.089178,0.0708824,0.400456,-0.0420619,0.0310435,-0.113171,0.116448,0.200256,0.0647558,0.396797,0.0828972,0
37,0.0258077,0.427897,-0.0500363,0.0119995,-0.00936705,0.0138654,0.425801,-0.035192,0.182505,-0.00311698,0.0361081,0.467288,-0.0368133,0.0213796,-0.0166813,0.105558,0.210922,0.060332,0.390213,0.0869848,0
38,-0.0790324,-0.206966,0.0111972,-0.000316499,0.24928,-0.101614,-0.12872,0.0060978,-0.0807717,0.214112,-0.100661,-0.19768,0.0142245,-0.0337143,0.235784,0.0962198,0.226586,0.0674081,0.376523,0.0760498,0
39,-0.057772,-0.36234,0.0373738,0.0451629,0.0389831,-0.0537603,-0.484005,0.0195679,-0.0115498,0.0663752,-0.0488229,-0.454825,0.0167523,-0.0247826,0.0579052,0.0974562,0.176524,0.080457,0.358828,0.0666136,0
40,0.0844612,-0.806274,0.0331238,-0.0482447,-0.366867,0.0399954,-0.758181,0.0400247,-0.0713332,-0.397098,0.0730695,-0.76625,0.0352138,-0.0135828,-0.383249,0.125603,0.187877,0.0888133,0.474263,0.0804656,0
41,-0.00173343,0.287888,-0.0148782,-0.0167337,0.0857194,0.0114513,0.277842,-0.011408,0.0168143,0.090689,0.00109487,0.285786,-0.0183121,0.00921092,0.0757033,0.101529,0.244212,0.0660961,0.411917,0.0771194,0
42,0.0482997,0.105701,-0.0389558,0.0831481,-0.165763,0.0761246,0.109094,0.00571035,0.040308,-0.12807,0.0774862,0.0747065,-0.0279349,0.0357526,-0.138304,0.10137,0.201638,0.0846193,0.388538,0.0780022,0
43,-0.0285656,-0.00958911,-0.0203974,-0.0377993,-0.00306936,-0.0332018,0.00817784,-0.0074185,0.0121813,0.00060271,-0.00630243,0.00513844,-0.000438591,-0.000554326,0.00908895,0.0982567,0.181511,0.0741301,0.347806,0.0737776,0
44,0.115315,-0.786044,0.0284376,-0.0134566,-0.483325,0.0975573,-0.798154,0.0551034,-0.0385197,-0.480886,0.0858119,-0.744635,0.0389546,-0.0150841,-0.506904,0.10874,0.172914,0.075712,0.388321,0.0760471,0
45,0.0234325,0.313211,-0.0411751,-0.00582271,0.163244,0.0391431,0.305378,-0.0570164,-0.0883036,0.158993,0.0152922,0.312501,-0.0383958,0.025801,0.156689,0.115957,0.149295,0.0721172,0.380202,0.0792952,0
46,-0.0815517,-0.445241,0.0187883,-0.0279039,0.176091,-0.0836859,-0.400302,0.0439025,0.0303936,0.177742,-0.0773619,-0.491565,0.0114655,-0.0273285,0.185351,0.115548,0.252369,0.0815471,0.388387,0.103788,0
47,-0.0386356,0.334739,-0.0192564,0.00144512,0.0836429,-0.0470188,0.407626,0.016549,-0.0424313,0.0892981,-0.0328858,0.385666,0.00191973,-0.0123013,0.0804187,0.108411,0.252163,0.0733317,0.363115,0.0781257,0
48,0.0255569,-0.270731,0.00373724,0.0593538,-0.120755,0.0343298,-0.278069,0.0105818,-0.00552971,-0.103103,0.0378867,-0.268097,0.00588766,0.00662743,-0.113597,0.102173,0.210693,0.0805059,0.434859,0.0772756,0
49,0.0189527,0.0807615,-0.00614984,0.0125287,-0.144247,0.0205497,0.115776,0.0296022,-0.0564829,-0.131916,0.0276499,0.0846539,0.000757481,0.00256752,-0.143309,0.107854,0.230262,0.0749322,0.369648,0.0884123,0
50,0.0502983,0.333754,-0.0282699,0.0504269,-0.0708578,0.0493154,0.288138,-0.026702,0.153087,-0.0546764,0.0482333,0.294368,-0.0299895,0.0241705,-0.063528,0.11162,0.206855,0.0872691,0.323199,0.0961875,0
51,-0.00246619,-0.675246,0.02236,-0.0629904,-0.220901,-0.023079,-0.768193,0.0145802,0.0141889,-0.207782,0.0109139,-0.675347,0.0276007,-0.0214312,-0.21385,0.103985,0.198475,0.082588,0.385992,0.0682998,0
52,0.0462626,0.0773675,-0.015829,0.0623766,-0.0515456,0.0119762,0.0398884,-0.0508303,0.0194232,-0.0755543,0.0486342,0.095114,-0.0192385,0.02227,-0.0611494,0.104505,0.196582,0.0877138,0.435181,0.0802093,0
53,0.0120251,0.213513,-0.0111194,-0.0281761,0.0217946,0.017636,0.168732,0.0047981,0.0321212,0.0480409,0.00127829,0.218292,-0.011537,0.00622493,0.0144201,0.120804,0.187635,0.0745382,0.458639,0.0797172,0
54,0.0570512,-0.942096,0.0197152,-0.0503484,-0.201212,-0.0864294,-0.841177,0.0417176,-0.0188124,-0.280602,0.0366267,-0.875108,0.0324554,-0.0209022,-0.219812,0.113002,0.203321,0.0978467,0.414247,0.0700284,0
55,-0.0514021,-0.53888,0.0130453,-0.0546559,0.211181,-0.0870425,-0.488291,0.0355172,-0.0886907,0.195355,-0.0811037,-0.520583,0.0120364,-0.0293976,0.191643,0.114565,0.2682,0.0882648,0.371137,0.0848992,0
56,-0.0704271,-0.746083,0.00542147,-0.109482,0.0564548,-0.0506098,-0.836309,0.0159856,-0.00598882,0.0925876,-0.0508321,-0.775855,0.0181724,-0.0296802,0.0800084,0.116136,0.214398,0.0800599,0.345421,0.0864408,0
57,-0.0253079,-0.599485,0.0216959,0.0289513,-0.132783,-0.0176702,-0.55513,0.0285965,-0.0742306,-0.138841,-0.0104206,-0.620716,0.0241535,-0.0232014,-0.122436,0.0993773,0.195609,0.0708815,0.377208,0.0723978,0
58,-0.0808279,-0.646212,-0.00303773,-0.0825771,0.308051,-0.127714,-0.536859,0.0246559,-0.0153864,0.277903,-0.115701,-0.534949,0.0107712,-0.0389686,0.270068,0.0994937,0.237541,0.0825439,0.370532,0.081743,0
59,-0.0161877,0.0368227,0.0150803,-0.0719829,-0.364965,-0.037773,0.0304207,0.0638419,-0.0257102,-0.343239,-0.0260401,0.0361605,0.0535097,-0.048263,-0.355129,0.130865,0.256827,0.0820958,0.322431,0.0723321,0
60,0.0182329,0.0213482,0.0108256,-0.00385758,-0.0354243,-0.00498944,0.00515454,-0.0107093,0.00142723,-0.0532491,0.00713284,0.0097898,0.00140576,-4.44792e-5,-0.0460662,0.109325,0.224654,0.0748685,0.407425,0.0802051,0
61,-0.00122291,0.0521375,-0.00634692,0.0439453,0.314404,-0.00514416,0.0980728,-0.0256119,0.018489,0.284776,-0.0223339,0.111792,-0.0293726,0.0195627,0.267304,0.101097,0.181843,0.0864008,0.348762,0.082301,0
62,-0.00766866,-0.505001,0.0405968,0.0509375,-0.0839225,0.0330562,-0.562023,0.0127365,-0.0357655,-0.0580892,-0.00218613,-0.523403,0.0201423,-0.0159558,-0.0837352,0.104999,0.221515,0.0799509,0.383771,0.0864866,0
63,-0.118638,-0.116641,0.0164435,-0.0370508,0.356405,-0.112867,-0.130673,0.0224157,-0.0439184,0.370672,-0.121831,-0.11506,0.00820988,-0.0324285,0.347759,0.124353,0.244868,0.0794565,0.360618,0.0972893,0
64,-0.0070855,0.159359,0.0265012,-0.00174711,-0.186623,-0.0615416,0.232112,0.0409514,-0.0856257,-0.204701,-0.0241327,0.19968,0.0332171,-0.0317763,-0.195962,0.127859,0.229902,0.0608142,0.414274,0.0735178,0
65,-0.0241632,-0.217616,-0.00581301,0.0263832,-0.0924202,0.01704,-0.2466,0.00873715,0.0315822,-0.0571513,-0.00744496,-0.202238,0.0137246,-0.0114626,-0.0805832,0.107331,0.24382,0.0864712,0.392915,0.0808778,0
66,0.0625242,0.0788545,0.0171001,0.0483974,-0.216025,0.0291562,0.104538,0.0221833,-0.0284349,-0.223911,0.0213579,0.193269,0.0173347,-0.0135519,-0.262999,0.105592,0.222231,0.0819907,0.32356,0.0957564,0
67,-0.0479225,-0.305972,0.0239785,-0.0907145,0.0353916,-0.0483397,-0.290295,0.0191973,-0.0619128,0.0238087,-0.0509536,-0.295089,0.019986,-0.0277666,0.0247381,0.105702,0.237935,0.0693335,0.36635,0.0770536,0
68,-0.0417174,-0.251966,0.0176378,-0.0399617,-0.0319249,-0.0780928,-0.246856,0.0320622,-0.00634236,-0.033414,-0.0370914,-0.322301,0.0186678,-0.0231304,-0.00683871,0.116111,0.236687,0.0813361,0.350144,0.0803746,0
69,-0.0433134,0.736471,0.0248045,-0.0761375,-0.114133,-0.0563014,0.677125,0.0560579,-0.0543425,-0.0785494,-0.0395561,0.80098,0.0383346,-0.0424854,-0.121332,0.112511,0.209873,0.0625612,0.381587,0.0644733,0
70,-0.0509875,0.261204,0.01969,0.0495378,0.158672,-0.0808283,0.20871,-0.00787135,0.00552749,0.147219,-0.0723319,0.166192,0.0116719,-0.0234384,0.172721,0.123863,0.307654,0.0771914,0.401876,0.096294,0
71,0.0580689,-0.349626,0.0411695,0.0404605,-0.292814,0.0431152,-0.358271,0.0268921,-0.0299372,-0.300381,0.0568273,-0.367301,0.0186235,-0.00079668,-0.30194,0.110588,0.180612,0.0794238,0.388435,0.0744681,0
72,-0.0178469,0.741839,0.00971454,-0.0824692,0.0346035,-0.0365417,0.859509,-0.0108753,-0.0865278,0.00116862,-0.0265466,0.844974,0.00303963,-0.0214528,0.0080799,0.12478,0.245975,0.0847578,0.410189,0.098806,0
73,0.0377675,0.0382492,-0.0368026,0.0288701,-0.156652,0.0399156,0.0807933,-0.015929,-0.00771307,-0.152914,0.0637345,0.068458,-0.0172398,0.0241053,-0.148914,0.0993569,0.196838,0.0592531,0.410555,0.0800287,0
74,-0.0374049,-0.00433348,-0.0416445,0.0631102,0.0531745,0.00482433,0.0494803,-0.00963006,-0.00184327,0.0718921,-0.00204446,0.00603995,-0.0104868,0.00891,0.0807715,0.105006,0.235025,0.0719966,0.347149,0.0721162,0
75,0.0166363,-0.707299,0.0128722,-0.00457078,-0.301241,0.0363881,-0.652808,0.0381484,-0.0217725,-0.291157,0.0351694,-0.673415,0.0299972,-0.0174791,-0.290404,0.101454,0.172491,0.0610604,0.378385,0.0757899,0
76,-0.00830456,-0.14484,0.0176667,0.00938667,-0.219741,0.0506961,-0.290666,0.00587333,0.0832242,-0.160003,0.0201555,-0.225183,0.0150459,-0.00665292,-0.189376,0.0995137,0.195901,0.0721907,0.417073,0.0756644,0
77,-0.0165769,-0.101694,0.0362168,-0.00252647,-0.0464093,-0.0268774,-0.200931,0.0169883,0.0529732,-0.0292729,-0.0182667,-0.0965842,0.0157211,-0.0161763,-0.0640739,0.125568,0.249318,0.0935691,0.418385,0.0809617,0
78,0.0446657,0.190261,-0.0100677,0.0175989,0.0963459,0.0112852,0.20577,-0.00723026,-0.030347,0.0849358,0.0146412,0.261582,-0.022806,0.0151782,0.0535845,0.131712,0.21981,0.0760459,0.410142,0.0852444,0
79,0.020511,-0.00818818,-0.000199516,0.0219652,-0.0802694,0.0208631,-0.0297549,-0.0305828,-0.0324488,-0.0864062,0.0166996,-0.00150088,-0.00216748,0.00552278,-0.0828637,0.0936251,0.180607,0.0771279,0.425157,0.0598992,0
80,0.0742388,0.0918879,-0.016431,0.132616,-0.0778967,0.076069,0.133166,-0.027151,0.0312356,-0.0964574,0.0626988,0.138019,-0.0257617,0.0287734,-0.104341,0.116478,0.198101,0.0803315,0.386089,0.0826049,0
81,0.0259176,-0.0731854,0.0193722,0.0258874,-0.188794,0.055955,-0.13088,0.0127806,0.0663331,-0.167757,0.0317384,-0.144157,0.0105773,-0.0013896,-0.172486,0.114031,0.192005,0.0632638,0.337263,0.0763247,0
82,-0.0480136,0.0738436,0.0822313,0.0137601,-0.28433,-0.0521792,0.0135093,0.0311202,-0.0169987,-0.297536,-0.0417452,0.00542631,0.0543501,-0.0523471,-0.288971,0.133719,0.423607,0.0990549,0.388075,0.113697,0
83,0.0940235,0.110439,-0.0281856,-0.0347889,0.0267458,0.0663655,0.123126,-0.0519891,-0.0157465,0.00575163,0.0766379,0.108084,-0.046573,0.0507371,0.0103875,0.126307,0.142574,0.0591921,0.30223,0.0770895,0
84,0.0642394,0.357595,-0.0759716,0.0365509,0.166398,0.0571364,0.416489,-0.0642337,0.0084956,0.152844,0.0625695,0.36844,-0.0712654,0.0555771,0.163132,0.103156,0.15302,0.0629413,0.417986,0.0688557,0
85,0.00963605,0.219787,-0.0218666,-0.0129558,0.167316,-0.0536049,0.165481,-0.0368745,-0.0607041,0.161466,-0.0136738,0.283401,-0.0192242,0.00806933,0.146077,0.0919297,0.22135,0.0665537,0.440715,0.085767,0
86,0.0645109,0.0252733,-0.0276285,0.071576,-0.0448646,0.0773895,0.00869126,-0.0129361,0.115047,-0.0264415,0.0604918,0.0479406,-0.0257592,0.0319548,-0.0562164,0.123726,0.183735,0.0811191,0.418718,0.0902255,0
87,0.0226616,0.255909,-0.0320845,0.0555596,0.171329,0.0246597,0.220019,-0.0614103,0.0164008,0.162994,0.0263579,0.256782,-0.0444095,0.0345708,0.160195,0.12477,0.180861,0.0663521,0.43542,0.0851641,0
88,0.0564646,-0.735388,0.0801382,-0.0993867,-0.391281,0.0453551,-0.787712,0.053708,-0.064707,-0.394494,0.0636126,-0.775317,0.0365571,-0.018123,-0.399662,0.112042,0.187813,0.0992626,0.402775,0.0572671,0
89,0.151503,0.266623,-0.117103,0.0609633,-0.189337,0.159532,0.247162,-0.101109,0.0546382,-0.173092,0.177759,0.245939,-0.0902429,0.0930434,-0.160734,0.111804,0.147134,0.0724512,0.399073,0.0639282,0
90,0.0425462,-0.371425,0.0392932,-0.0357108,-0.302653,0.0400483,-0.401556,0.0268769,-0.0622357,-0.304876,0.0330585,-0.408319,0.0264198,-0.014213,-0.306753,0.105576,0.213381,0.0828644,0.337001,0.0664417,0
91,-0.0751607,-0.610637,0.0331125,-0.016709,0.27255,-0.130664,-0.642072,0.0335532,-0.0170958,0.26029,-0.103475,-0.625331,0.0102178,-0.0357002,0.252142,0.111917,0.271301,0.0898441,0.349068,0.0903278,0
92,0.0335302,0.380264,-0.0117143,0.0674994,-0.073382,0.0230843,0.288053,-0.0158325,0.052955,-0.0482807,0.03298,0.357827,-0.0212421,0.0132808,-0.0736816,0.107259,0.182576,0.0640217,0.399464,0.0829621,0
93,0.0174732,-0.0279088,-0.0335436,-0.0117445,0.0357774,0.0125678,0.0358878,-0.0103552,0.103991,0.0314444,0.0238371,0.0276727,-0.0188903,0.0206948,0.0293017,0.100456,0.228699,0.0705709,0.439536,0.0787621,0
94,-0.0389327,0.178092,-0.0504171,0.0342373,0.2797,-0.0432272,0.314111,-0.0119168,0.0361229,0.255002,-0.0309167,0.257676,-0.0275469,0.0132813,0.265918,0.116136,0.22819,0.0693312,0.378569,0.102549,0
95,0.042885,-0.159137,0.00882961,0.0588755,-0.106791,0.0446846,-0.10653,0.0141001,-0.0327336,-0.120195,0.0272713,-0.156256,0.00447694,0.00395673,-0.119621,0.107477,0.210713,0.0720089,0.374244,0.079055,0
96,0.0197204,0.643025,-0.0759224,0.0138178,0.216003,0.0413943,0.698825,-0.0580877,0.0869648,0.211885,0.0235037,0.681354,-0.0614385,0.0270976,0.211485,0.110357,0.163348,0.0678724,0.36195,0.0626325,0
97,-0.0155395,0.860894,-0.0710264,0.0917611,0.252113,-2.61129e-5,0.876462,-0.0590033,-0.0289438,0.264102,-0.0028206,0.826948,-0.0521522,0.0111933,0.273869,0.108852,0.177387,0.0792971,0.40473,0.0859618,0
98,-0.0512204,0.650568,-0.0138746,-0.0993928,0.433707,-0.0743566,0.642661,-0.0391904,-0.00231054,0.411201,-0.0652215,0.633586,-0.0306158,0.00253329,0.418674,0.10325,0.260358,0.0580688,0.37973,0.0819778,0
99,0.0434345,0.110387,0.00306199,0.0323795,-0.132632,0.0176417,0.10604,-0.0255973,0.00563082,-0.157657,0.0246631,0.145295,0.000385914,0.00145453,-0.155583,0.1007,0.214009,0.0697767,0.362435,0.0721046,0
100,-0.035208,0.772552,0.0479611,-0.0552392,-0.0508055,-0.0601341,0.731002,0.050323,0.011472,-0.0483548,-0.0494066,0.792596,0.0395239,-0.0435979,-0.0681317,0.0914882,0.19039,0.061152,0.359456,0.0699251,0
101,0.0209908,0.482771,-0.0162589,0.127394,0.121126,-0.0090199,0.43681,-0.0290979,0.156041,0.129978,0.00841823,0.487871,-0.0288702,0.114506,0.111442,0.0995126,0.105224,0.0814337,0.369194,0.076708,1
102,-0.0758486,-0.218885,-0.00392408,-0.0266494,0.130877,-0.0287401,-0.223343,0.0091957,-0.0496686,0.165248,-0.0610906,-0.202746,0.000302468,-0.0388566,0.134273,0.129405,0.11161,0.0724999,0.363522,0.101605,1
103,0.030774,-0.0128697,-0.0112338,0.0416492,-0.0624492,-0.001535,0.00182443,0.0142171,-0.011266,-0.0714642,0.0219344,-0.00322683,-0.000370495,0.0155398,-0.0598716,0.103059,0.13265,0.0798272,0.419357,0.0717186,1
104,-0.0762411,0.017101,-0.0214581,0.0598498,0.0962808,-0.0293051,0.0277904,-0.00582142,-0.0741249,0.127012,-0.0327545,0.0555879,-0.00267364,-0.00756014,0.110178,0.102001,0.121062,0.0799127,0.368749,0.072252,1
105,0.0374669,-0.544669,0.00622627,-0.10563,0.0714668,0.0417978,-0.573397,0.00609482,-0.0970931,0.083796,-0.00728605,-0.544856,0.00590299,-0.0325355,0.0423378,0.109477,0.131792,0.0935065,0.376713,0.0780315,1
106,-0.0161652,0.358584,0.014339,0.0534219,0.013202,-0.0564509,0.405691,0.00679451,-0.111983,-0.0296741,-0.0367952,0.350919,-0.000952595,-0.0230441,0.000474311,0.111659,0.175464,0.0751205,0.315246,0.084824,1
107,-0.0149407,-0.422811,0.0284415,-0.0758602,0.0971089,-0.0985182,-0.448878,-0.0184539,-0.0500314,0.0338851,-0.0327346,-0.413463,0.00321336,-0.0350536,0.0696184,0.105093,0.135064,0.076922,0.374193,0.0715841,1
108,-0.0611755,0.432416,-0.0220581,-0.0393729,0.23986,-0.102746,0.453159,-0.0476828,0.0116077,0.191765,-0.0621122,0.436484,-0.0129959,0.012189,0.235958,0.109374,0.145152,0.072506,0.334438,0.0799564,1
109,0.18573,0.383072,-0.0434302,0.108018,-0.503838,0.191795,0.393712,-0.0424772,0.0584622,-0.506738,0.196506,0.366028,-0.031477,0.246422,-0.489231,0.101709,0.106583,0.0833609,0.395078,0.0744723,1
110,0.00860469,0.31772,-0.012654,-0.00339146,0.0113461,-0.0340318,0.313955,-0.0309927,0.0978707,-0.0207733,0.00722011,0.340615,-0.0102926,0.0373034,-0.00457853,0.108445,0.146013,0.0880152,0.348513,0.0769487,1
111,0.0929192,0.70951,-0.0102704,0.082058,-0.187333,0.0147261,0.664269,-0.0377798,0.194045,-0.209951,0.0622714,0.709417,-0.0265392,0.0907078,-0.206192,0.113921,0.155582,0.0727359,0.37477,0.0811316,1
112,-0.0498169,-0.355648,0.00821075,-0.078134,0.0715337,-0.0503002,-0.392043,0.00634779,0.000826436,0.0804497,-0.0353484,-0.386769,0.00261615,-0.0332373,0.0914917,0.0994638,0.136646,0.0763238,0.299668,0.0751249,1
113,0.0964623,0.216046,0.00671206,0.227689,-0.194912,0.138824,0.211963,-0.0227337,-0.00281911,-0.177194,0.10489,0.234934,-0.0154578,0.124441,-0.203964,0.101426,0.118565,0.0715106,0.483426,0.0783261,1
114,-0.050747,0.0261544,0.0172585,-0.0337418,0.114374,-0.0408599,-0.0152583,-0.00399669,-0.100516,0.138184,-0.0645148,0.0331181,0.00103926,-0.0443956,0.100112,0.108931,0.113637,0.0748969,0.403518,0.0844788,1
115,0.0132583,-0.919225,0.0171217,-0.0341264,-0.153441,0.0706788,-0.931236,0.0198382,-0.00017009,-0.107467,0.0198835,-0.886537,0.0113498,-0.0571486,-0.150529,0.113284,0.188926,0.0722806,0.401263,0.0893273,1
116,0.0769931,0.278539,-0.0118158,0.0176828,-0.330922,0.129013,0.289494,0.0311052,0.0639474,-0.294096,0.0911135,0.26283,-0.00822304,0.0743045,-0.313012,0.135889,0.111174,0.090347,0.39271,0.0973786,1
117,-0.103902,0.396422,-0.0094425,-0.041012,0.135441,-0.0846452,0.479737,-0.00914958,-0.181307,0.116065,-0.0628766,0.439815,-0.000854356,-0.0377308,0.138779,0.112229,0.147398,0.0710019,0.373293,0.0985907,1
118,-0.120683,0.357154,0.00460088,-0.0761545,0.20718,-0.0661852,0.341092,0.0328064,-0.102286,0.260131,-0.0980698,0.365632,0.0080479,-0.0879794,0.212429,0.124931,0.204999,0.102036,0.389158,0.0934626,1
119,-0.0704381,0.735194,0.0113825,0.00688748,0.316961,-0.0383382,0.741549,0.0308605,-0.0403009,0.334771,-0.0881974,0.736718,-0.00842437,-0.0231692,0.298778,0.0835994,0.127373,0.0809609,0.383024,0.0737313,1
120,-0.0336977,-0.481711,2.84783e-5,-0.0717225,0.0938994,-0.051081,-0.460558,0.0117867,0.00602976,0.0795762,-0.0565127,-0.440685,0.00227343,-0.0490078,0.0677139,0.100928,0.129635,0.0856388,0.383209,0.0679704,1
121,-0.0203238,-0.265567,0.00056025,-0.025382,-0.0527748,-0.0167508,-0.229828,0.00971117,-0.128056,-0.0634033,-0.0211362,-0.245746,0.00508423,-0.0378772,-0.0618916,0.106135,0.123543,0.0787792,0.361792,0.0773208,1
122,-0.0544911,-0.387806,0.0210559,-0.0367522,0.1541,-0.0246373,-0.396713,0.00947995,-0.00764492,0.173491,-0.0537333,-0.388618,0.000999204,-0.0377906,0.14875,0.081676,0.130762,0.0926291,0.35803,0.0709391,1
123,-0.0537184,0.696744,-0.0287651,0.0410547,0.317523,-0.0453868,0.703985,-0.0227643,-0.00882576,0.325615,-0.0546034,0.699685,-0.0272917,0.0579161,0.315855,0.102347,0.120182,0.0806758,0.28316,0.0621899,1
124,0.17248,0.542121,-0.00931793,0.0182233,-0.488392,0.104522,0.521998,-0.00148491,0.126526,-0.504861,0.143874,0.524054,-0.0210263,0.122438,-0.503978,0.125339,0.122107,0.0869491,0.320451,0.0827376,1
125,0.00725311,-0.559127,-0.00684431,-0.046496,-0.140035,0.0157726,-0.530971,0.0145697,-0.0668483,-0.132401,0.0367151,-0.521811,0.00991003,-0.0253892,-0.125605,0.119479,0.143378,0.0788527,0.350247,0.0750981,1
126,0.0867609,0.0678392,0.00235797,0.105267,-0.175446,0.0439483,0.0693478,-0.0311895,0.030159,-0.209223,0.0674507,0.0926968,-0.00266346,0.0481909,-0.200777,0.113828,0.112307,0.0840963,0.409523,0.0898408,1
127,0.0483586,0.428344,0.00180456,-0.0227782,-0.0346766,0.00812591,0.427025,-0.00999638,0.0277228,-0.0626127,0.0285651,0.43222,-0.0153507,0.0630717,-0.0612786,0.102179,0.139533,0.0669185,0.42503,0.0861666,1
128,-0.0232556,-0.0746298,0.0281372,-0.0255258,0.202802,-0.0117595,-0.0744461,0.0155743,-0.0718431,0.206193,-0.0586753,-0.0680572,-0.00128334,-0.0290705,0.167019,0.122872,0.137412,0.0799368,0.480605,0.0973037,1
129,0.0866722,-0.140576,0.0114169,-0.0927121,-0.269368,0.0283358,-0.112591,0.0350208,0.0121629,-0.30711,0.0345267,-0.142676,0.0079558,-0.0183677,-0.297228,0.118139,0.124946,0.0874905,0.358641,0.0848463,1
130,-0.134545,-0.380716,-0.000489649,-0.123475,0.163543,-0.0954366,-0.396142,-0.00966316,-0.0911047,0.184131,-0.103667,-0.390782,-0.00125807,-0.0660135,0.181158,0.0865601,0.145945,0.0878963,0.360462,0.0681972,1
131,-0.0170063,0.597339,-0.0666827,0.191554,0.162184,0.0310286,0.596153,-0.0459882,0.234642,0.194233,0.0216199,0.594124,-0.0476044,0.2045,0.191824,0.115528,0.108936,0.0683494,0.36017,0.0820456,1
132,-0.0124881,0.000221808,0.0158361,-0.0172703,0.0890999,-0.0093577,-0.00365269,0.0176411,0.0791462,0.0892925,-0.0299392,0.00279436,-0.00157355,-0.00978265,0.0741584,0.0952081,0.109339,0.0787702,0.395833,0.0660141,1
133,-0.055328,0.517374,-0.0456931,0.00930586,0.325562,-0.0658493,0.515879,-0.0390387,0.084383,0.318643,-0.054562,0.528673,-0.0279709,0.0766162,0.32171,0.0991694,0.144523,0.0687214,0.324484,0.083072,1
134,-0.0659652,0.159243,-0.0228979,-0.0402592,0.253824,-0.072841,0.206366,-0.00761803,0.0328462,0.223284,-0.0704154,0.232161,-0.00675708,-0.013318,0.218497,0.115279,0.133252,0.0832104,0.352586,0.0853749,1
135,-0.016898,-0.426278,0.0130087,0.0290157,-0.0938502,0.0540798,-0.448229,-0.00772491,-0.139331,-0.0432061,0.0149179,-0.412204,0.00710497,-0.0233118,-0.0785972,0.116588,0.130249,0.091254,0.378108,0.0872032,1
136,0.00627206,0.577688,-0.0225914,0.0102923,0.121807,-0.00881885,0.512224,-0.0268003,0.0673476,0.141904,-0.00765286,0.527322,-0.0292529,0.106228,0.133799,0.106912,0.113666,0.097252,0.379589,0.0746099,1
137,0.014273,0.0362798,0.000470168,0.149336,-0.0079425,-0.0205014,0.0478101,-0.0258207,-0.0158991,-0.0344664,0.0228576,0.0577065,-0.00424522,0.0339535,-0.0108577,0.0848234,0.108803,0.082819,0.379432,0.0705997,1
138,0.14737,0.452958,-0.0488913,0.348299,-0.21937,0.153538,0.513221,-0.0609755,0.220524,-0.250355,0.153296,0.492195,-0.0481537,0.304181,-0.237112,0.125986,0.1008,0.0734771,0.373192,0.093081,1
139,0.0603381,0.663938,-0.0500009,0.214952,0.0790323,0.113513,0.659618,-0.0157577,0.11117,0.127917,0.0492546,0.648652,-0.050445,0.219867,0.0871457,0.10272,0.134497,0.0961688,0.486387,0.0839605,1
140,-0.0741329,-0.343905,0.0189918,-0.0692675,0.216978,-0.107028,-0.304781,-0.00328148,-0.0992227,0.172156,-0.081101,-0.327659,-0.000706304,-0.0492717,0.19602,0.0871316,0.107819,0.0763295,0.348275,0.079808,1
141,0.0456144,0.504157,-0.0355979,-0.0101038,0.0999677,0.0771272,0.460722,-0.0371702,0.130891,0.133649,0.0379952,0.464865,-0.0397048,0.194643,0.106467,0.100402,0.102066,0.0745786,0.385319,0.0730149,1
142,-0.0386245,-0.373267,0.0127934,-0.0340593,-0.08321,-0.062022,-0.381968,-0.00517771,0.0305429,-0.108042,-0.00198531,-0.371496,0.00582029,-0.0279314,-0.066573,0.103168,0.123309,0.0896785,0.322128,0.0663364,1
143,0.0572906,-0.700576,0.0127032,-0.0926699,-0.113199,0.0882337,-0.741983,0.0117973,0.012339,-0.0781096,0.040443,-0.684392,0.0115888,-0.0354871,-0.127543,0.132875,0.16095,0.0879312,0.313,0.103199,1
144,-0.0598704,0.484999,0.0154361,-0.128208,-0.051098,-0.0530806,0.459906,0.0299321,-0.0186988,-0.0295974,-0.0518774,0.468117,0.011383,-0.076812,-0.0445617,0.109995,0.149837,0.0789714,0.311389,0.0982995,1
145,-0.0771242,-0.717969,0.00359712,-0.0637286,0.0558221,-0.0445724,-0.697462,0.000788246,-0.0108482,0.0676842,-0.0372757,-0.684147,0.00450649,-0.0513746,0.0705102,0.10996,0.149407,0.0902502,0.35812,0.0849308,1
146,0.00985542,0.472363,-0.000459287,0.0628172,0.200791,-0.00108146,0.447952,-0.0319989,0.0529786,0.193946,-0.00631253,0.456853,-0.029092,0.111792,0.188767,0.087067,0.131568,0.0873138,0.438623,0.0791496,1
147,-0.106349,0.0663384,0.00192744,-0.0420628,0.312976,-0.0501191,0.0305356,0.0053643,-0.0467072,0.37567,-0.116547,0.0725938,-0.00215847,-0.0613438,0.306252,0.125212,0.174455,0.0855284,0.363373,0.104013,1
148,0.0648557,0.654959,-0.0406446,0.170309,0.128414,0.101335,0.671997,-0.0402935,0.159889,0.135479,0.0407788,0.696364,-0.0521639,0.217686,0.0881734,0.101236,0.125122,0.082785,0.319411,0.0811865,1
149,0.0621849,-0.426609,0.00276153,-0.031432,-0.0948188,-0.0111637,-0.397113,0.0272923,-0.00650517,-0.148673,0.0300892,-0.396318,0.00810672,-0.0187823,-0.126371,0.0978253,0.123903,0.0864053,0.352099,0.0812474,1
150,0.0112883,-0.360074,0.0206359,0.0111152,-0.120294,-0.00136531,-0.357386,0.0115797,-0.056651,-0.126132,0.00896382,-0.360688,0.00700798,-0.0275503,-0.121696,0.0884345,0.145541,0.0730209,0.389251,0.0766377,1
151,0.0910785,-0.0845752,-0.0072932,-0.0742853,-0.334253,0.131072,-0.0372336,0.0296481,0.0791195,-0.325366,0.0836441,-0.0353656,0.00549024,0.0200543,-0.354677,0.106308,0.130582,0.0835461,0.450526,0.0705147,1
152,-0.0446544,-0.0519568,-0.00544753,-0.173071,0.120919,-0.0397372,-0.0659544,0.00296403,-0.104726,0.13219,-0.0476156,-0.050446,-0.000562185,-0.0255766,0.115839,0.136611,0.164348,0.0751821,0.388162,0.112198,1
153,0.0934201,0.298282,0.00954199,-0.03816,-0.357114,0.0776184,0.29124,0.00669395,0.0242647,-0.363713,0.0906491,0.286915,-0.00160909,0.0374517,-0.362691,0.137619,0.152708,0.0928246,0.38831,0.0944071,1
154,0.0197934,-0.246079,0.00976694,-0.117544,0.02825,-0.0136911,-0.282037,0.00543126,-0.0355586,0.0228397,-0.00934225,-0.249526,0.00359719,-0.0205978,0.00904909,0.125333,0.120068,0.0883458,0.402511,0.097875,1
155,-0.0218155,-0.589544,0.00533321,-0.106078,0.0816368,0.00353807,-0.593162,0.00654243,0.0255811,0.0979698,-0.0246788,-0.551765,0.00479584,-0.0398988,0.0678121,0.107701,0.146163,0.0840318,0.394335,0.0779748,1
156,-0.0241311,-0.402868,0.00911953,-0.0130398,0.0100754,-0.0780397,-0.394888,0.00336141,-0.130222,-0.0236499,-0.0192109,-0.383305,0.00451243,-0.0327722,0.00537869,0.106676,0.153916,0.0723973,0.331087,0.091166,1
157,0.113952,-0.0738198,-0.0147348,0.104969,-0.32084,0.123682,-0.000984064,0.0259048,-0.0138009,-0.325658,0.101163,-0.0235924,0.00437005,0.0348687,-0.338545,0.100037,0.136557,0.0754589,0.418633,0.0759806,1
158,-0.0113366,-0.107358,-0.0121067,0.0616053,-0.0698542,0.0553224,-0.123505,-0.030616,0.0293841,-0.0252602,0.0202853,-0.0689279,0.00110268,0.0092045,-0.0590777,0.148168,0.12711,0.10266,0.396288,0.119089,1
159,-0.013485,-0.551483,0.00114943,0.00507167,0.147505,0.0413326,-0.529569,0.0184984,-0.0541654,0.181132,-0.0556478,-0.490936,0.00199876,-0.0469748,0.104626,0.133987,0.143225,0.0844476,0.421492,0.114987,1
160,0.046803,0.418716,-0.0515901,0.200699,-0.189526,0.0629023,0.462426,-0.0193002,0.0586703,-0.183126,0.0808576,0.460738,-0.0266469,0.140086,-0.183234,0.118762,0.141344,0.0885102,0.38981,0.0846126,1
161,0.0111838,-0.301545,0.0224239,-0.110466,-0.0110199,0.0237571,-0.364668,0.0145856,-0.0623601,0.0134408,-0.00120005,-0.321277,0.00487318,-0.0216808,-0.0226413,0.12295,0.129658,0.0749119,0.430776,0.0901571,1
162,0.0974598,-1.14085,0.0308211,-0.0997927,-0.226508,0.0809875,-1.18466,0.0125528,-0.126689,-0.230899,0.0728617,-1.13779,0.0172729,-0.0701107,-0.245067,0.161358,0.202697,0.0854856,0.417874,0.115897,1
163,-0.0254055,-0.2594,0.00654167,-0.057188,-0.244928,0.00409005,-0.249413,0.0251598,-0.0129656,-0.231033,0.0139835,-0.256202,0.00851709,-0.0339523,-0.223098,0.116829,0.178161,0.0851089,0.430117,0.0756683,1
164,-0.0424003,0.577522,-0.0369048,0.187664,0.369449,-0.000748518,0.578264,-0.0411287,0.0360225,0.398658,-0.0349592,0.573452,-0.0443908,0.163413,0.374207,0.0989283,0.125106,0.0804853,0.376829,0.0849794,1
165,-0.0792752,-0.732774,0.00194139,-0.070286,0.0584447,-0.0442064,-0.82502,-0.00329292,-0.0695831,0.103939,-0.0392729,-0.759708,0.00453291,-0.0552773,0.0938815,0.0880328,0.159228,0.0862996,0.421686,0.0777541,1
166,-0.132126,0.0949148,-0.00119646,-0.0167703,0.304966,-0.0915495,0.0448886,0.031111,-0.110098,0.367077,-0.12013,0.0882275,-0.000477134,-0.0712664,0.315376,0.084662,0.131874,0.0912863,0.339364,0.0764034,1
167,-0.110357,0.00212906,-0.00206941,-0.197421,0.424565,-0.177256,-0.0411592,-0.00813952,-0.0255786,0.394239,-0.144912,-0.00322438,-0.00350344,-0.0755451,0.399793,0.110381,0.127861,0.0814332,0.369003,0.0835061,1
168,0.0434858,-0.0131855,0.00886356,0.105033,-0.187693,0.0416259,-0.0407945,-0.019032,0.104305,-0.187425,0.0578164,-0.0147641,0.00152548,0.0265743,-0.180533,0.0860646,0.121335,0.0709738,0.404106,0.0666902,1
169,-0.0189906,-0.367603,0.00663675,-0.0868696,-0.0130469,-0.0164573,-0.387672,0.00304139,-0.0236001,0.00111432,-0.00883983,-0.357269,0.00458243,-0.0251781,-0.00739818,0.144079,0.113515,0.0712463,0.365868,0.0985955,1
170,-0.0626191,0.272547,-0.0040732,0.0171983,0.278327,-0.0642036,0.303213,-0.00101983,-0.14491,0.276044,-0.0709364,0.278833,-0.00880473,-0.00676577,0.270992,0.120746,0.140302,0.0645692,0.322693,0.0925731,1
171,0.00318662,0.227577,0.0122924,-0.0334045,0.0254083,-0.014249,0.199275,-0.0104701,0.0890697,0.023379,0.0195998,0.195461,-0.0109045,0.0575363,0.0418308,0.114382,0.126685,0.0827477,0.344435,0.0989281,1
172,-0.0475422,0.390845,-0.0150209,0.0628953,0.170253,-0.0147248,0.348209,-0.0231926,-0.0174671,0.207344,-0.0510143,0.379442,-0.0117638,0.0151355,0.177831,0.096701,0.14921,0.07207,0.420134,0.0954994,1
173,-0.0275011,0.647926,-0.0282125,-0.0912224,0.267533,-0.0228666,0.571288,-0.0271449,-0.0361269,0.305209,-0.0509602,0.642057,-0.0224284,0.0451913,0.256487,0.115633,0.126379,0.0783418,0.36517,0.103006,1
174,-0.0779972,-0.00238861,0.0167039,0.0191273,0.11264,-0.0216225,-0.00667991,0.0241119,-0.0807327,0.14978,-0.0504727,0.0105925,-0.00100145,-0.0257547,0.114475,0.103108,0.126385,0.0873333,0.323767,0.0782154,1
175,0.0589337,0.753398,-0.0713326,0.161504,-0.00319037,0.117914,0.797542,-0.0494072,0.152938,0.0125078,0.0764438,0.792131,-0.0627546,0.260934,-0.0133895,0.109777,0.0916288,0.0804938,0.365353,0.0785925,1
176,0.0403397,0.591737,-0.00637811,0.0202491,0.0232358,-0.0117354,0.612334,-0.0171695,0.10645,-0.0236878,0.0122582,0.610576,-0.0188029,0.0537248,-0.00839699,0.120129,0.121298,0.0732894,0.412983,0.0766041,1
177,-0.00380811,-0.163313,-0.0023009,0.0487518,-0.0945727,0.0201264,-0.127483,0.00277268,-0.0540268,-0.0857055,0.0155155,-0.129072,0.0037763,-0.00710927,-0.0932505,0.111613,0.113294,0.0786818,0.353636,0.081906,1
178,0.0377308,0.165932,0.00194518,-0.0683018,0.00575365,0.0639229,0.149125,0.00552363,0.0132946,0.0319978,0.0264576,0.140335,-0.00780461,0.0493496,0.00557604,0.101709,0.134349,0.0981462,0.399718,0.0798414,1
179,0.0485069,0.346763,0.00431689,-0.0375285,-0.149547,0.0312758,0.288198,-0.000167854,0.150194,-0.142257,0.056959,0.301164,-0.0138189,0.0830589,-0.138766,0.153477,0.125093,0.0871901,0.361074,0.105975,1
180,0.0125874,-0.0765008,0.00312005,-0.0677542,-0.100678,-0.0190471,-0.094689,0.00110906,-0.0866892,-0.112487,-0.00840934,-0.0659829,0.00447835,-0.0268827,-0.117062,0.117665,0.127729,0.0657232,0.364503,0.0824436,1
181,0.0236681,-0.292781,0.013147,-0.0166022,-0.0509698,-0.0125457,-0.290741,0.013014,0.0133587,-0.0729092,0.0153943,-0.292721,0.00548463,-0.013925,-0.0550974,0.103069,0.125942,0.0738664,0.362947,0.0831631,1
182,-0.0234241,0.0261573,0.0182624,-0.06507,0.011654,-0.0399964,-0.0175118,0.00283115,-0.0254469,0.0118845,-0.0236691,-0.0113096,0.00153402,-0.0220265,0.0185551,0.103221,0.119059,0.086894,0.386853,0.0705918,1
183,-0.00136441,-0.206862,-0.00692272,0.0252,0.0655914,-0.0392294,-0.19152,0.019463,0.022437,0.0447989,-0.0203999,-0.181426,0.00204881,-0.0201244,0.0449564,0.10042,0.139021,0.0845895,0.314812,0.0757757,1
184,0.0837385,0.0523528,0.0314953,0.0371889,-0.246176,0.129298,0.0582776,0.0146289,0.0720682,-0.23761,0.0820583,0.0583055,0.000468709,0.0410327,-0.264415,0.0973268,0.122726,0.0809252,0.366386,0.0798325,1
185,-0.156134,-0.349722,0.00440456,-0.00553335,0.203133,-0.0692689,-0.367146,-0.00334871,-0.0526818,0.264355,-0.0926244,-0.352779,-0.00198024,-0.0513223,0.244554,0.112057,0.142243,0.0963207,0.395461,0.0976554,1
186,0.0430534,-0.876536,0.0227562,-0.079951,0.0374275,-0.0320433,-0.871617,0.00188448,-0.0505934,-0.0229674,-0.00553223,-0.827348,0.0083332,-0.0544859,-0.0117187,0.0958567,0.148407,0.0738089,0.376463,0.0709035,1
187,0.0353345,0.809908,-0.0305987,0.0113069,-0.108252,0.0647805,0.820439,-0.0377706,-0.0862228,-0.098875,0.0363449,0.822452,-0.0241533,0.0542949,-0.111051,0.110244,0.125235,0.0689515,0.392195,0.0726106,1
188,-0.0707431,0.232299,0.0147435,-0.0964147,0.0141618,-0.0871294,0.233166,0.0208399,-0.147448,0.0146231,-0.0695603,0.231951,0.00859649,-0.07754,0.0126491,0.130375,0.146983,0.092127,0.356487,0.0974221,1
189,-0.126841,-0.268771,-0.0158404,-0.0564441,0.197786,-0.105139,-0.285655,-0.0187119,-0.0772034,0.21957,-0.0932426,-0.245629,-0.001202,-0.0549647,0.213998,0.12213,0.15865,0.086608,0.401769,0.0863109,1
190,-0.0106458,0.245779,-0.018981,0.0511077,0.0728289,0.00656783,0.247854,0.0101886,-0.0681766,0.103013,0.0052943,0.230058,-0.0133969,0.0600802,0.090619,0.12791,0.110263,0.0763889,0.334417,0.0845561,1
191,-0.0359338,-0.760245,0.0286299,-0.0188155,-0.0329826,-0.00693653,-0.820275,0.0305128,-0.0229706,0.00582809,0.00239196,-0.771115,0.00866505,-0.0479339,-0.00517482,0.0974352,0.139832,0.0795177,0.34422,0.0710051,1
192,0.0701483,-0.420402,0.0195682,-0.0568464,-0.300504,0.0636904,-0.428285,-0.00136601,0.0443329,-0.30635,0.0718783,-0.405807,0.0117664,-0.0134511,-0.305596,0.131988,0.129044,0.0655313,0.422779,0.0919043,1
193,-0.0424219,-0.263497,0.00632435,-0.0917307,0.105542,-0.0570726,-0.240236,0.0107903,-0.0955551,0.0921282,-0.0439248,-0.262763,0.00134964,-0.0322284,0.102976,0.119793,0.104216,0.0887701,0.319728,0.0847507,1
194,-0.00095792,-0.218607,0.0037562,0.00763449,-0.041894,0.00529866,-0.22468,0.000429353,-0.0663492,-0.0381768,0.00922887,-0.202164,0.00404537,-0.0111747,-0.0431719,0.077813,0.107013,0.0873604,0.408773,0.059681,1
195,-0.0289758,0.137802,-0.00182257,0.0141392,0.186877,-0.0217252,0.0852988,-0.0264415,0.0588432,0.206174,-0.0575983,0.129139,-0.00412367,-0.0166299,0.173635,0.143931,0.100313,0.0719861,0.38465,0.111394,1
196,-0.0750215,0.296753,-0.0204493,-0.0899867,0.236669,-0.0526351,0.315258,-0.00242249,-0.0593092,0.239994,-0.0752284,0.332105,-0.00483347,-0.0259909,0.216972,0.133138,0.134216,0.0741604,0.437523,0.0870577,1
197,0.0954378,-1.16679,0.0192078,-0.162738,-0.158243,0.0080934,-1.16936,0.0213273,-0.0794144,-0.220188,0.0686505,-1.12973,0.0167654,-0.0687111,-0.182732,0.0932038,0.184035,0.0855354,0.35341,0.0701654,1
198,0.00167423,-0.563623,0.0121146,-0.0495426,-0.170752,0.0368445,-0.570046,-0.00704541,-0.0430467,-0.149492,0.0240118,-0.567328,0.00979136,-0.0349644,-0.15207,0.0946118,0.137731,0.0808228,0.350758,0.0697283,1
199,0.0672244,0.66032,-0.0767018,0.41581,0.189538,0.00251181,0.674524,-0.095166,0.418974,0.146685,0.0650655,0.64539,-0.0720188,0.389035,0.206205,0.100611,0.114948,0.0796607,0.361604,0.0817981,1
200,-0.0898912,-0.261465,-0.000557466,-0.0763433,0.193818,-0.0766561,-0.191349,0.0272034,-0.130258,0.183353,-0.0763979,-0.229808,-0.000786241,-0.0442017,0.188418,0.0871923,0.141898,0.0840991,0.405818,0.0751462,1
