rep,id,eta_phiS,eta_deltaS,eta_phiL,eta_deltaL,eta_deltaA,GROUP
1,1,0.120762677731316,-0.343312478712928,0.0485531322635036,-0.185022852861913,0.35194555016465,0
2,1,-0.0912371696090405,-0.262056564753691,0.0192769389793137,0.220594469494129,0.15903637477999,0
3,1,-0.0450508730020902,-0.384551380204997,0.0563798268514405,-0.0653250402052282,0.291681030405976,0
1,2,0.125546521802428,-0.141284165466256,-0.0240278372215373,0.512840606769003,0.217282375347349,0
2,2,-0.0372611519914638,-0.0105640615633663,0.0343050867710629,0.215613557979844,0.182033652769357,0
3,2,-0.0548508917665909,0.189945256238442,-0.0129723542208753,-0.217777399892763,0.0854499022737493,0
1,3,0.049453168737405,0.580884375622097,0.0539361459386878,0.516055068750445,-0.121073409179006,0
2,3,-0.0294237939462191,-0.193410518849633,-0.0996810631132578,-0.394153612007888,-0.0428405760678878,0
3,3,-0.124213542891282,-0.106273947356547,-0.172378589112349,-0.389298120864247,-0.131841884558949,0
1,4,-0.307288360288691,0.207799079609366,0.0192716993176829,0.311615043773003,-0.0596226167620819,0
2,4,0.0658772110401841,0.19639053775981,0.181721745397161,0.874661044644543,0.0748259859044712,0
3,4,-0.385547829457902,0.382279211754694,-0.113281404549449,0.0701638950267019,-0.286752813820813,0
1,5,0.14980553504887,0.713999635117504,-0.0223489893778057,0.373775729627046,0.278519422965169,0
2,5,-0.122211519735757,0.0569791075821212,-0.0374506005821261,-0.474251627109622,0.376176912857171,0
3,5,0.0537487457597141,0.582368863195518,0.0548162552835149,0.110879991355125,0.330380289068584,0
1,6,-0.19999914714565,0.0896106787305172,0.0920352649006065,-0.0329195842601948,0.199058814266039,0
2,6,0.00429242253070929,-0.105465204253851,0.0262610744869871,-0.206820826816242,0.286200683456166,0
3,6,-0.0505190138207315,-0.307674675070956,0.0320407646004497,-0.53815078940611,0.362221985786097,0
1,7,0.0574843755060118,0.305233509488341,-0.0295601953741631,-0.358420779674496,0.146622369219967,0
2,7,0.108887876216816,0.477936380209913,-0.0581311003993945,-0.102441533480132,0.00907140648958437,0
3,7,0.0543280206727764,0.535864064307063,-0.0953456365780987,-0.376028878872638,-0.0435115557473965,0
1,8,-0.217399546584017,0.248277030366691,-0.135152968601974,0.15717921329305,0.00908201857612606,0
2,8,0.0424241759716682,0.56272256832998,0.0189928161602911,0.536181019987745,0.0656995353822389,0
3,8,-0.159744566481499,0.381037654974632,0.0339561338043816,-0.272886019837369,0.109255472974302,0
1,9,0.0909044177735153,-0.0791401818666561,-0.0503186151754669,-0.0299969729943298,-0.363216615924142,0
2,9,0.0716252609390944,-0.10691795867603,-0.0172657836428289,-0.337000577974569,-0.333244681959125,0
3,9,0.0418690645884055,0.48656245808649,0.00908796801356082,0.231473039653661,-0.476180783573498,0
1,10,-0.0311572591701949,-0.848242373984996,-0.104223703812545,-0.388798516432019,0.236284420251255,0
2,10,-0.33654396349863,-0.287609065986632,-0.0341262798735133,0.195620730110549,0.0157118917630124,0
3,10,-0.0611614067485634,-0.97539971688298,-0.0557985389318366,0.688510693222596,0.278814774179763,0
1,11,0.0061032982321254,1.24204713756369,-0.0635929649216833,0.25192214209268,-0.00682039974177063,0
2,11,0.0793095080028916,0.981837804238537,-0.0659630119009338,-0.261561528684056,0.0258096466345845,0
3,11,-0.193434160329158,0.886838954805294,-0.00626206975784252,0.040505906681719,0.0475293224703994,0
1,12,-0.0276409205175219,-0.48792857647656,-0.0101942057662955,-0.389893299432465,-0.33316302301382,0
2,12,0.0879653314407394,-0.36645796867861,0.180313794720796,0.874753828745771,-0.218686849680611,0
3,12,-0.152634531156366,-0.442085720563084,-0.048187160406748,0.226685540541207,-0.368046110957009,0
1,13,-0.0274629085478998,-0.377009931031764,0.0231173236560911,-0.407094215675901,0.0703184254586633,0
2,13,0.148250874029435,-0.105221237826535,0.0218458734075874,0.888302491499287,0.0163673171801813,0
3,13,0.121910957083159,-0.188728163137781,-0.0628058356802136,0.210218282902468,0.00173037183546862,0
1,14,-0.0796925229756826,0.25639805996699,-0.0943376713793229,-0.438072427167536,-0.0328752220940338,0
2,14,-0.169593498420715,0.000898212540917889,-0.0978424260461058,-0.535386019871545,-0.0139116350134653,0
3,14,-0.092310250191969,0.115269578975289,0.0262537198402717,0.632794096881454,-0.020464451166894,0
1,15,0.0463455295522586,0.481976770308672,0.025723349157868,0.146955196270036,0.252650046511716,0
2,15,0.12271027068221,0.286109972368868,0.0365529987621931,-0.749582475335643,0.324971412347595,0
3,15,0.0228253481330547,-0.0777133030469712,0.064881962723045,-0.0495511990476083,0.381821394146558,0
1,16,0.0474749283324008,-0.101717640841699,0.114346497429615,-0.481352407973551,-0.0252120668468105,0
2,16,0.0330682287847097,0.488350388878877,0.00413152013133187,-0.0929228113111271,-0.247827935476107,0
3,16,-0.00666687987936461,0.330731340779486,0.0714031368618622,0.01177396730086,-0.223199976407629,0
1,17,0.233669805105888,-0.464721239035579,0.148487882578334,0.632914292109909,0.182318271951765,0
2,17,0.150731446895798,0.134594869422904,-0.023386626074182,0.0730357416730621,-0.133348930409076,0
3,17,0.114123680340973,0.147095875144841,0.0445296840940884,0.0401039550051327,-0.109187443551742,0
1,18,0.172715002756975,-0.120945260340124,-0.13121160551633,-0.57323334446684,-0.20463606697093,0
2,18,0.384236598810333,-0.0835856136840748,-0.00114450972417689,-0.159749892812839,-0.0439586029858631,0
3,18,0.127823826303174,0.0866676790370642,0.0134265115892507,-0.0702003756063613,-0.22334575090836,0
1,19,0.0148826244135669,0.152339326609582,-0.0317228153498322,0.586702540295868,-0.24396547771031,0
2,19,-0.0381331131228279,0.468793172094351,-0.00601359500507398,-0.565747566305922,-0.296203630957769,0
3,19,-0.0299373604445853,0.0063038950736421,0.0765864040928235,-0.275561961509404,-0.142248584723615,0
1,20,0.000218179955967221,0.124882778506785,-0.0538269871607688,0.144246786028928,0.0261006400369522,0
2,20,0.0156113617832414,-0.00943662636520234,0.128023940557496,0.376220091752448,0.134215160262638,0
3,20,0.292901261706361,0.370858129502718,0.0923401068723952,0.382803341131504,0.0816445536204574,0
1,21,0.183740171668213,-0.468348183244827,0.00950207605743944,-0.720463628184005,-0.319504483674268,0
2,21,0.0453540183905145,-0.60632227825512,0.0210663094897673,0.00447751619895886,-0.357742312943582,0
3,21,-0.159514534023903,-0.485419957582095,0.0871636593164588,-0.240140655906651,-0.434768602096484,0
1,22,-0.131304957544898,-0.216061648882098,-0.0226706347780609,-0.260613750246919,0.238647547863231,0
2,22,-0.0316766311692397,0.486652108763924,-0.00810616599692675,-0.289630389595685,0.0674827839858305,0
3,22,-0.0548787641863405,0.50256346923028,0.164834873304455,-0.520659447047088,0.199628540364993,0
1,23,-0.310005481519026,0.607569316950184,0.0377118394680234,-0.0667567704854556,-0.15427428287318,0
2,23,0.00554880889504353,0.848973714352911,0.0502271035968418,-0.422374753543402,-0.228242840668703,0
3,23,-0.128189209466672,0.769891984340454,-0.0542079574731244,0.0891804748699143,-0.249383016971056,0
1,24,-0.0468003777908999,0.791679878737314,-0.0613075920707247,-0.677937731711491,-0.0983455134366365,0
2,24,-0.117853850060476,0.391526838085785,0.0130672371658837,0.0939833433194746,0.0405604600557052,0
3,24,-0.168581140398643,0.209499234029488,0.0563794490714081,-1.40016789933832,0.157337204740593,0
1,25,-0.0803087108585213,0.0583425249053161,0.0577013143631805,0.172508807606962,-0.0384514043347512,0
2,25,0.081400499339509,0.105517403766813,-0.0404346151080676,0.358074516082059,-0.128221212556933,0
3,25,-0.13894721321012,0.47529044478945,0.00641731728731372,0.566948876964127,-0.205957623245453,0
1,26,-0.0876458632245441,-0.760077753839414,0.061093587738669,-0.164250957247264,-0.205784257590848,0
2,26,-0.0967765623773466,-0.97117521350529,-0.0210626696111173,0.198696888130938,-0.207532186354261,0
3,26,-0.0144231445250062,-0.966297219571334,0.0500786710247324,0.51942948068399,-0.133930092537966,0
1,27,-0.078277196022878,0.181040542065448,-0.0779433633225288,0.326272866245019,-0.114080525993718,0
2,27,0.0200879814203352,0.334685404514098,-0.0346665302712396,-0.618205514279879,-0.118121639597663,0
3,27,0.0661685389550182,0.381033575627811,-0.0245348520074762,0.0214018450234763,-0.0658598185692718,0
1,28,0.13164049244474,-0.452429440050317,0.065636383477445,-0.51788368379257,0.155622703901825,0
2,28,-0.078432022474296,-1.06139183895813,0.0513788867173283,0.152889021306118,0.184146264789948,0
3,28,-0.10409138049907,-0.227052894452595,0.0114440392385946,0.21129637202672,0.0141808393422789,0
1,29,0.0851674408925521,0.514599380476422,-0.109384421505192,-0.20360658855808,0.20059344773305,0
2,29,-0.0984615084145188,0.626604873312666,-0.158419262943919,-0.460168365195179,0.0817956595924399,0
3,29,-0.03366089210609,0.688753978997637,0.0876370145260792,0.34635600971228,0.263297314762447,0
1,30,-0.191955739100184,-0.50796953592292,-0.0237206761036342,0.375700727294368,0.0390688260971353,0
2,30,0.168839756915144,-0.479942955561423,-0.00676866924844343,0.0191301225067614,0.195260788752693,0
3,30,0.133686871702506,-0.684834323608977,-0.0870076208963228,0.227960324872786,0.210261539601829,0
1,31,-0.0409045192455683,-0.690452430223863,0.0680011906233449,0.633406761753841,-0.375222529380385,0
2,31,-0.112422176015383,-0.275327251470306,0.130867915158293,0.71757673621842,-0.432231210304764,0
3,31,-0.102131955749889,-0.523353831852496,-0.149424798714295,-0.318102464551299,-0.53334269655488,0
1,32,-0.0503668742458273,-0.269735405899176,0.0491322973402445,-0.740071035138822,-0.256748469494939,0
2,32,-0.165702726235045,-0.422576435874917,0.0250892049519832,-0.0924346796344729,-0.283362527435988,0
3,32,0.0384886907141863,-0.573364323400806,0.0432197473782127,-0.137393049840138,-0.149641575964943,0
1,33,-0.0479910096547966,0.740506627995324,0.0746050063878107,0.385821369966229,0.0270989991246151,0
2,33,-0.0122488978980771,0.512405181971243,0.142497577093796,-2.92186360583424e-5,0.116548392425739,0
3,33,0.198595509440315,0.799941089145946,0.0687176446079037,-0.164191255489942,0.0341085187576168,0
1,34,0.00853911830874686,0.273766746704966,-0.142330324987012,0.362059772552983,0.0156966983712295,0
2,34,-0.0467506117916082,0.258353110147086,-0.0832797214789388,-0.114826333251339,-0.00163918837126292,0
3,34,0.0570341086345998,-0.0951103148016746,-0.0531866851026824,0.120590852646453,0.18889360595155,0
1,35,-0.0860001646346358,0.348982749174756,-0.106091596829108,0.0909961481073004,-0.0260813739550664,0
2,35,-0.126414757103315,0.13233871759621,-0.0933437041307233,0.183934993456136,-0.0314936416535115,0
3,35,-0.0572671502805926,0.202707909229506,0.039088896880228,-0.0682249439525014,0.0877186395984725,0
1,36,0.119712979245656,0.666931968332796,-0.0543938273604134,-0.116332392436769,-0.197021677219465,0
2,36,0.217113645951723,0.513964449720922,-0.0320426696082603,0.267968405993915,-0.104104412549039,0
3,36,-0.0153471064403651,0.177597466886483,0.018547024013388,-0.286088390147957,-0.0130419314843622,0
1,37,0.079663549557636,0.0120862059131011,0.0486230966386297,0.491274060198725,0.20585442325008,0
2,37,0.065131481180522,0.831084389044745,-0.0534115525985337,0.992731420974755,-0.156546724283959,0
3,37,0.166834036479843,0.641832175736581,-0.0474105880702057,0.587681870571908,-0.0156523144004729,0
1,38,-0.196171906042088,-0.436133496782018,0.134408890622997,0.309913174129321,0.329346991360753,0
2,38,0.00847662317117515,-0.497486185864331,-0.152020826742384,-0.118269357356816,0.277791514793219,0
3,38,0.0322835660203596,-0.274843602266931,0.0137368819563833,0.00702866935122232,0.317283595798074,0
1,39,0.038151436361475,-0.243535186593589,0.0947227614962144,0.00702076115523412,0.0678392016610916,0
2,39,-0.199751100215451,-0.49510739384781,0.0426865568627471,0.274723240892513,0.0203214096791277,0
3,39,0.00261985132072043,-0.755986634357618,0.0778397981456327,-0.0292815417991844,0.186520770768432,0
1,40,0.141325987043869,-0.722796313914413,0.0390530425173945,-0.366702168855239,-0.352389252363225,0
2,40,-0.0463523941888217,-1.04097802941063,-0.168031287054157,-0.0870668928269705,-0.497762176953851,0
3,40,-0.169113669219167,-0.728685373861116,0.0506261357839197,0.537794691545204,-0.49159645919281,0
1,41,0.00169116051345524,0.550021796321544,0.0105741610648165,0.156876389145876,0.0332728459015325,0
2,41,0.0478206377989116,-0.172980544454659,0.0359388768407868,-0.524620166525646,0.343158839594525,0
3,41,0.00885468201398668,0.635736773493632,-0.0792291513620742,0.209695702224208,-0.12781391699973,0
1,42,-0.079604953330424,-0.0949879889233441,-0.0784787074731095,0.0414549957539429,-0.184382372871367,0
2,42,0.0948310809632277,-0.212326866742632,-0.0763710960594039,0.281767240700139,-0.0609588725954897,0
3,42,0.201637437715818,-0.0672714288973875,0.0164205277003186,-0.343668241339879,-0.019838510157335,0
1,43,-0.0452076456183576,0.0577470985169713,-0.0396814983522162,0.00174118013443003,-0.0422335478913263,0
2,43,-0.0814469255584941,0.108680494648237,0.0857153589130433,0.167652583432595,0.0824924253100924,0
3,43,-0.11008058266306,0.389650937498503,0.0126778479718721,-0.0134527311695108,-0.131745300988576,0
1,44,0.0864169730401841,-0.814258576416625,0.0307944816251551,0.329875535812792,-0.514532155285683,0
2,44,0.158592294549621,-1.0551496171149,-0.0624660049290464,0.13402289342128,-0.428060571877055,0
3,44,0.126493840263195,-0.869423731938452,0.129445271025552,-0.214857117432177,-0.368241151150533,0
1,45,0.142488479449154,0.21619195837789,-0.0161918259391143,-0.981343295530337,0.251935919411301,0
2,45,0.0213809782434533,0.137974771908851,-0.0994881992830445,-0.453167470466194,0.178013420819862,0
3,45,-0.129276466199927,0.473748342896121,-0.127136461353614,0.0617160386689953,0.010590623372093,0
1,46,0.0336502980047842,-0.626066324315378,0.0911038543850808,0.0242164210213676,0.304198017725937,0
2,46,-0.169283424635162,-0.151186200766122,-0.0198865804795937,0.076821912504588,-0.0102873948701512,0
3,46,-0.12217588170868,-0.0892169796506825,0.0670862887795679,-0.683856507462815,0.0890876263644431,0
1,47,0.0458109973421843,0.303580824139064,-0.00583429605617572,-0.710235106197868,0.124997357141545,0
2,47,0.122100417766203,0.371331197652638,0.100558968743162,0.486825651453235,0.221598957345304,0
3,47,-0.122169524513139,0.681058080592954,-0.0732383128261097,-0.0377507727464794,-0.0703434019652133,0
1,48,0.129232083813227,-0.102024902959068,0.116752254419129,-0.374443888407922,-0.0625021131223591,0
2,48,0.0224035871242935,-0.560682244596368,-0.137542255399503,0.0555862452883243,-0.0982143921138663,0
3,48,0.0197002310965678,-0.10186658809179,0.0610306301408573,0.23155115962855,-0.140938861892366,0
1,49,0.0371279368082224,0.28035175138964,-0.0771139495411439,-0.0447301801541722,-0.248713598360251,0
2,49,-0.0328913393260466,-0.131131097418963,0.0900830735257373,-0.233914115639718,-0.0125201523977974,0
3,49,0.0783498317013987,0.121009980944564,0.0629155374321869,0.097908416403534,-0.101930296140253,0
1,50,0.109836108731497,-0.105276690468438,-0.062534645460733,0.277645998087306,0.0988891594490521,0
2,50,-0.0227295456913889,0.491755367984937,-0.0685061471864283,0.0518503304838835,-0.182784135525364,0
3,50,0.0367705086092737,0.13387923550785,-0.0223411108761937,0.400555599002635,-0.0276418599773193,0
1,51,0.121906777858206,-0.72488555909657,-0.00951074676790022,0.0251607892092556,-0.185665646144752,0
2,51,-0.143797133810733,-0.491500604575389,0.0325185287964844,-0.674864924138996,-0.381531905754144,0
3,51,0.0508871614530255,-0.865577784785654,0.0354688330902595,-0.630220239756564,-0.104519298140106,0
1,52,-0.00538710868488685,0.279720550730914,0.015767488479813,0.571814522660377,-0.103012516299218,0
2,52,-0.00190561991916632,0.110380631206355,0.0897327823229318,1.03971222076036,-0.0460755828570664,0
3,52,-0.0316694804006881,-0.165686269726528,-0.136687010879686,-0.080602219895608,-0.0669078572802933,0
1,53,-0.161460119525007,-0.0738911594247417,0.0530348117956817,1.01927750702151,0.117863416762839,0
2,53,0.0260360954192502,0.246527974135845,0.0090067606430786,-0.00779985107956577,0.0278625164826398,0
3,53,-0.0861324362624933,0.0573954062339618,-0.0102914257760508,0.140427345572346,0.0600078349174575,0
1,54,-0.167552619796501,-1.04930989099056,0.18834658895826,-0.241853760444258,-0.231050716354583,0
2,54,-0.232864355183915,-0.57055277233221,0.0601160658732015,-0.863450432913858,-0.362755617171053,0
3,54,-0.0898004410801209,-0.865716009110211,0.103864320586318,0.266688532152268,-0.245654918172621,0
1,55,-0.25478682948917,-0.0558688024552856,0.0337352955127568,-0.106590104006288,0.00950183616576111,0
2,55,0.0744467985450341,-0.337005474462345,0.0874869956140287,-0.275876602709707,0.218771804891274,0
3,55,0.0868133404814959,-0.764416457540301,0.0311344372725584,0.0115486514019845,0.33372689027859,0
1,56,-0.196364654109141,-0.715193492271237,-0.0155534748155797,-0.238356274091778,0.0147556136901939,0
2,56,-0.0359082157548131,-0.900791745954452,-0.0224846118086746,0.194831953936254,0.0766242719587872,0
3,56,-0.0321308032253386,-1.08949980145952,-0.0896936182554262,0.471694837184028,0.139399576495801,0
1,57,0.100662044883695,-0.433005146485032,0.018934091886502,-0.456834926611687,-0.127028027278064,0
2,57,0.0171508786970176,-0.50682301299775,0.0365423690543793,-0.0417493546163845,-0.133666110630194,0
3,57,-0.0174968967881855,-0.608345928141605,0.015392614534463,-0.0401117626205559,-0.154108185567855,0
1,58,-0.129910086885954,-0.859957370957787,0.0104430519263278,0.089551137154265,0.330403110608626,0
2,58,-0.177384250901592,-0.570875308517702,0.10764124587603,-0.391820805900959,0.323383177311502,0
3,58,-0.00479500396519424,-0.741294566642523,-0.0223620960454424,-0.094839942243587,0.358291452597961,0
1,59,-0.163605174943894,-0.239046405978354,-0.111255012703349,0.228323354999487,-0.414831069738946,0
2,59,-0.108694488636818,0.276590285571666,0.144702510274817,0.244830581852049,-0.387012240990401,0
3,59,-0.111978249496987,-0.145755020443414,-0.00901184443172123,-0.267759918413616,-0.317910718379999,0
1,60,-0.0601977606437848,-0.109212408265923,0.0627367968250844,0.45938143147028,-0.0465131316698146,0
2,60,-0.0146757938833431,-0.211748724229156,-0.100508555536228,-0.423340272194482,-0.0441360920909596,0
3,60,-0.16011990629828,0.290083301565156,-0.023819970636531,0.147479414538466,-0.193885380177083,0
1,61,0.0254090422517686,0.0154080102286742,-0.126956140921331,-0.0221687906889945,0.301392269150212,0
2,61,-0.0287631010406669,0.236999766287425,0.031222806391263,-0.0489029369917948,0.278369024665987,0
3,61,0.0590448325832492,0.162479322295026,-0.0814889034884521,-0.00351678702052041,0.285279286744873,0
1,62,-0.2269000862007,-0.349556239361061,-0.00661703379631478,-0.499206464221021,-0.241753495295606,0
2,62,0.0475104373207646,-0.441964475099027,0.0132939417336755,-0.245618099258408,-0.0861684109704088,0
3,62,0.028270499285193,-0.733689815797093,-0.0223217259280907,-0.314151591874674,-0.0436841420847228,0
1,63,-0.220456516602505,-0.217782941940619,0.0382178356155625,0.0615401233481926,0.361358585331826,0
2,63,-0.163258549867255,-0.305608708272431,0.0053472908516994,0.390914012607724,0.390404950005964,0
3,63,-0.0399397351813973,-0.0580537281905228,-0.0797107198212938,-0.627485687420273,0.277873887014488,0
1,64,0.113422397798242,0.572595794767043,0.0456211726353151,-0.497967612968449,-0.212905174774692,0
2,64,-0.0361094337361463,0.379861185605903,0.0884601764780437,-0.119119909100262,-0.223569068823365,0
3,64,-0.0460343497107554,0.19564645825368,0.0383913471888194,-0.156970434919092,-0.172045773391379,0
1,65,0.0677358958676125,-0.410191596692824,-0.0814212670271171,-0.410113567129265,-0.0590831154054251,0
2,65,0.0466036578726656,-0.184273776040856,0.181023402809262,-0.547691258243902,0.0549552144840034,0
3,65,0.0119770883840731,-0.50546640416074,0.0184868096426294,0.158459682438928,-0.0187394673218548,0
1,66,-0.0956859055036934,0.209027767823541,-0.0600988382059303,-0.117237282297451,-0.339911447229459,0
2,66,0.112969334953567,-0.419438790664514,-0.0304195298847254,0.272640768151222,-0.0205036761371958,0
3,66,0.033224460829706,0.404454785946103,0.12563218762114,0.190208510692172,-0.220071523668445,0
1,67,0.0208140544840787,-0.324423418639688,-0.0382500068801144,-0.0407515300393622,0.0295409140582306,0
2,67,-0.030172927612833,-0.467807722293766,0.0385743621178212,0.0148482676117248,0.0936275289357055,0
3,67,-0.0160569047698003,0.143427371920537,0.0404214266700597,0.105407447071023,-0.129113349204811,0
1,68,-0.223064604799603,-0.564288833579206,0.0540467921363156,-0.0556916823098086,-0.003729911009859,0
2,68,-0.15593738948509,-0.500579688068933,0.0504866872095762,-0.037153028896978,0.00812396038971105,0
3,68,-0.00746750345807794,0.206220033163876,0.0354803532958928,0.460472211395716,-0.114234282873739,0
1,69,0.0731494638984568,0.78837325060328,0.0542419108613577,0.141511401025018,-0.0670245462142043,0
2,69,-0.188760402459422,0.615441027009671,-0.0969026519008152,4.21223826416739e-5,-0.151184523354659,0
3,69,-0.106304374974878,1.00803652984584,0.0343662493662415,0.745400912764671,-0.160353683115312,0
1,70,-0.16929013440307,0.131280491120067,0.0851324482119086,-0.263641865066429,0.126695526952186,0
2,70,-0.000290924965884194,0.41407426068782,0.0883762356421573,-0.0741235189966035,0.2244785170975,0
3,70,-0.273336220465289,0.167863955234714,-0.0934637622765739,0.371364388757773,0.0893845928425456,0
1,71,0.0500773975478574,-0.533587821836559,0.0327747363085387,-0.592809937314909,-0.258963529421112,0
2,71,0.189977848268543,-0.436669795973864,0.0104582279815513,-0.211284969616278,-0.235178016313081,0
3,71,-0.129532181585784,-0.200693946923665,0.0847482107217527,1.05984895478932,-0.389508281322284,0
1,72,-0.0374169847851869,1.2911126738306,-0.10620468399239,-0.422372429658665,-0.131829915348211,0
2,72,0.0612070347639133,0.858789211349527,0.218691208345125,0.0703466293016394,0.164915287517308,0
3,72,-0.0229478578423798,0.997254775098211,0.0353819593789738,0.0978278391019862,-0.0396814515556553,0
1,73,0.0156223363486026,0.15155462645554,0.015703285198571,-0.0935313214307002,-0.129876931352627,0
2,73,-0.0800771971525976,0.0150712620598904,0.0685628213412567,0.0971291043522952,-0.15113571417379,0
3,73,-0.0971724330639766,0.237263359156248,0.0770562989317202,0.699022300939776,-0.170454020576743,0
1,74,-0.0972840231453031,0.132469170038744,0.0934214841287238,-0.0314075207971304,0.101467343489619,0
2,74,-0.0865189799262429,0.195833785745726,0.0593046853931217,0.771066809877472,0.00610747864732727,0
3,74,0.0385518605632353,-0.198709382397141,-0.0262377417548566,-0.157982632099976,0.177542696597233,0
1,75,0.0404223306875341,-0.937915862145841,-0.0376720346760636,-0.797215815931978,-0.252516979145881,0
2,75,0.0789804743698824,-0.622590383844976,0.0592796685690466,0.320866733428992,-0.256498345888469,0
3,75,-0.121952998491932,-0.645050203751487,0.144294191730818,-0.415861768321329,-0.364109487015678,0
1,76,0.0149166463667523,-0.423828692348095,0.049879111381308,0.259016523921625,-0.104822122111579,0
2,76,-0.130572686819773,-0.476662257732815,-0.0755009462318458,0.784622647406331,-0.238841915968668,0
3,76,0.076754386946945,-0.605092607786037,-0.0324591246542077,-0.313585066273805,-0.0639779746773477,0
1,77,-0.209742553798371,0.0043428439470998,0.167452572557796,0.013705046966326,-0.0715826700268254,0
2,77,-0.313251253372301,0.00885250299201729,0.0678230350052578,-0.324291490916185,-0.136037306900359,0
3,77,0.0775272632719632,-0.00269524322763151,0.0167888253720647,-0.653014767576513,-0.00225034293151652,0
1,78,-0.125894628868577,0.349228991943641,0.0906418594682768,0.473697794451462,0.0541057713744672,0
2,78,-0.310874343251749,0.00544305166906753,-0.194071624193101,0.163104111304842,-0.0743333595673926,0
3,78,-0.024757953487226,0.168852256895807,0.010630125265669,0.304826698068816,0.105941609004874,0
1,79,-0.0169296956854926,-0.0925863803079115,-0.0724401026864857,-0.117451726981856,-0.118891276085733,0
2,79,-0.0830943368527916,-0.23878550401661,-0.193109034953505,-0.148570864094779,-0.132229975455932,0
3,79,-0.12090591089956,-0.172875444840288,0.0161416455703946,-0.01396615199833,-0.0490877482467748,0
1,80,0.184336445850218,0.187182443681698,-0.165084473832839,0.0736729955751045,-0.19547640749541,0
2,80,-0.043919734373138,0.0923038865492069,0.0489627453041475,0.427234376730376,-0.0687439926915768,0
3,80,-0.179462573312989,0.200358611665217,-0.057855431753835,0.51555485626977,-0.242212249029272,0
1,81,-0.112372710099219,-0.291251391700452,0.0171544220437705,0.217577492232649,-0.156653410636398,0
2,81,0.222100945083309,-0.382712233802382,-0.0289424497723207,-0.384457117682499,-0.0103483527204433,0
3,81,0.127955028924109,-0.334667108377478,-0.0284860708293669,0.401140472027213,-0.0843271814693602,0
1,82,-0.0816961697499113,-0.55732584411361,-0.187076647849683,0.0613138687127953,-0.287577096177218,0
2,82,0.0137324232388886,0.325082626863046,0.0727321436775217,0.166566036209269,-0.351879005777341,0
3,82,0.0461939170982716,-0.426074439569358,-0.103166699414874,0.535480233121164,-0.172474824400835,0
1,83,0.0649110259151515,0.189421470799083,-0.00354054146006817,0.0524182549001038,0.074088325740452,0
2,83,0.0734996748441782,0.18853944842226,-0.0351168476145455,0.297660412850919,-0.0460496354050437,0
3,83,-0.0903622397717328,-0.134919543486217,-0.0324382376123758,-0.142224057865337,0.054650976603119,0
1,84,0.291544723076328,0.430116394134472,-0.108624391388717,-0.304634667513968,0.199294854111568,0
2,84,0.07624809740457,0.2350609587303,0.0767799197335351,0.868150370320283,0.301818707524539,0
3,84,-4.49865460991281e-5,0.697623173255491,-0.0610473869393417,0.169187743790769,0.0526219131951476,0
1,85,0.00637918257302342,0.123319829723758,0.00462031276863458,-0.562969322857771,0.229337232557558,0
2,85,0.06985758959864,0.208391306473621,-0.0643204939045865,-0.11865526293627,0.147746749784781,0
3,85,-0.0730422520965229,-0.14386130908226,-0.0595854694894036,0.459953055186311,0.233535779250491,0
1,86,0.0465376084077045,-0.149950192652591,-0.138925336941408,-0.353273188268778,-0.0653850283773297,0
2,86,0.0447737929239561,0.209906350486123,-0.00311037458462667,-0.184169714635971,-0.114304500293383,0
3,86,0.205908584267057,-0.143871682025702,0.0105507437730688,0.406641778194192,0.0792780103827171,0
1,87,-0.0123299670858478,0.363951808003645,-0.146171286169971,0.0571343753099086,0.0549463700789678,0
2,87,0.176226647616178,-0.00956066277159705,-0.0935121780718524,-0.443714301962427,0.296634875915075,0
3,87,0.242804808522687,0.320435655976198,-0.0458937643900866,-0.266897091294929,0.208935377496953,0
1,88,0.115649181882824,-0.37025857043913,0.103481883048905,-0.140275249857888,-0.457488269102563,0
2,88,0.231354738861069,-1.06801811612156,0.0447039839698456,-0.329646702658049,-0.249699772568248,0
3,88,0.00357490416330562,-0.807876158757897,0.106350489368683,-0.504106616628689,-0.380273750924795,0
1,89,0.062572455133831,0.169057032298643,-0.0512958367080054,-0.448871522270489,-0.135639751999504,0
2,89,0.00319990871964644,-0.210644107796005,-0.0563224372845214,0.207995288633996,-0.0805652463164313,0
3,89,0.107670014992989,0.384022540465139,-0.161429284649054,0.0426818743962525,-0.277400972301122,0
1,90,0.0484745696158847,-0.318243934684248,-0.0637031754281457,-0.326127401899776,-0.353632656748346,0
2,90,0.3070013173577,-0.20329084564634,0.12568461973716,0.112437053877273,-0.235063867908964,0
3,90,0.174570688180168,-0.261868243828925,-0.00529516093060425,-0.0392610550459744,-0.318675499885962,0
1,91,-0.100185488512947,-0.841464262306558,0.0155166040132617,0.395070963282398,0.304339376942392,0
2,91,-0.198739069382127,-0.642899731133713,0.054195253311333,0.41373168132544,0.260854418056835,0
3,91,-0.195121655706984,-0.724450124537978,-0.116482762294693,0.316459079019809,0.156639761923328,0
1,92,0.109512033572193,0.252978340896958,0.0158860421415736,0.356874237568619,-0.0122536843220849,0
2,92,0.000125382217579031,-0.150191945316993,-0.100472279373639,0.586444574934191,0.0617110510874656,0
3,92,0.0563075568515306,0.198320291390801,-0.0228703006111806,0.0725442737901154,-0.00151158263512879,0
1,93,0.138187236275678,0.0063587440998965,-0.133154235859806,-0.126147375964885,-0.0329569313997978,0
2,93,0.0107045056798824,-0.0404374368950848,-0.0308114792711415,0.321775370191707,0.039659918719496,0
3,93,-0.0571222658000834,0.232487605650158,0.119431564932636,-0.243773202354113,0.0509073465389544,0
1,94,0.172791830905263,0.0349957190664938,0.0490853866624433,0.842116047538253,0.445639978933277,0
2,94,0.0021015290886497,0.307814066974792,0.0319051845560328,0.225551129024414,0.315137572718248,0
3,94,0.116676362589552,0.414353873949235,0.0879308169681775,-0.107866249643491,0.346772169005282,0
1,95,0.0257493422187685,0.0733214573484398,0.0450796173702256,-0.633982569639796,-0.126696174189583,0
2,95,0.134588697188395,-0.133925799764698,0.0515638288951873,-0.0878151233804916,-0.105978461827422,0
3,95,0.114976640569281,-0.0399072449556463,0.015655479431575,-0.663337481073238,-0.0641452982492772,0
1,96,0.032204615803279,0.767876978817744,-0.0590563051901905,-0.0154070417433381,0.196175894928121,0
2,96,-0.135336777184262,0.592912698865943,-0.165095676816519,-0.38734881377509,0.153801513896663,0
3,96,0.0394414554953681,0.605571452402295,-0.00816491378492017,0.460290052355204,0.271624789756271,0
1,97,-0.0893142950190138,0.637818384695592,0.0321282199274606,-0.148137586421947,0.343296346352029,0
2,97,0.0313409510807669,0.846413478449983,-0.0501611650430828,0.477024397981654,0.288782412947221,0
3,97,0.0989461945502277,1.06444313840155,-0.136447670740706,-0.276571829245478,0.178514760185902,0
1,98,-0.0380932632482324,0.718988912706098,-0.105057680512496,-0.456799239042379,0.337297438428337,0
2,98,-0.139969909762082,0.629254404688511,-0.0113933550038307,0.792381413943919,0.439049512967547,0
3,98,-0.154927331186419,0.584348316967182,-0.0697709448425268,0.215125867563564,0.388705535467657,0
1,99,0.035202000018309,0.0774868380759575,-0.108343118241351,-0.565426707802012,-0.211715307103061,0
2,99,-0.0381840267236564,0.242304765593306,-0.0555524208814149,0.2933972080474,-0.256941245314715,0
3,99,0.0884431238740214,-0.072080075737987,-0.075194846625166,-0.878612611828662,-0.0847753010036943,0
1,100,-0.0629116140633701,0.811462481952762,0.118453846245889,0.480363318179609,-0.062469729557762,0
2,100,-0.0400765272104639,0.624175738975374,0.0599451583370997,-0.713036154361005,-0.0370975744829981,0
3,100,-0.0671757606958864,0.460756083058707,0.108330073375122,0.537866668610248,-0.000711937840088554,0
1,101,-0.0682882139841059,0.418520793297948,-0.0379226607833785,-0.261824411331867,0.154144895610745,1
2,101,0.0277336604393737,0.509064268176269,0.0905166742862779,0.04044850603014,0.186742434548728,1
3,101,0.244186148208118,0.521026433594179,-0.0292399963851126,-0.208127938228614,0.261986167974317,1
1,102,0.139591133136427,-0.327426850450047,0.0666141374216813,0.288180207863741,0.276584367189862,1
2,102,-0.0297694556876923,-0.208866319202261,-0.0888474163458761,-0.598224216139881,0.148124327591668,1
3,102,0.00475402119294776,-0.24624750817711,-0.115811623453408,-0.273167222040407,0.123957730683634,1
1,103,-0.0447093692759846,0.136598731827547,0.122568424606353,-0.342497333396081,-0.0624922679975448,1
2,103,-0.10053337574035,0.232816183104893,0.0923159426292218,-0.295791937600887,-0.195551818613779,1
3,103,-0.231523724881056,0.052878735414764,0.102527078213279,0.445663310506599,-0.232185351176493,1
1,104,-0.0305158628226157,0.0795017445074213,0.0170260194289181,-0.151315022158021,0.103010305952106,1
2,104,0.176520574843965,0.0111987498773086,0.098029416916516,0.503422495662663,0.252788352960928,1
3,104,0.00758317999049003,0.348035582569479,-0.0222224984852351,0.110998717174279,-0.00469580925692069,1
1,105,0.204999526339281,-0.429611586084184,0.179918695236863,-0.156288442386051,0.191762263080234,1
2,105,0.212142515948351,-0.549748921989544,-0.129314311302363,-0.0396430187913613,0.156451521296029,1
3,105,-0.021671440616114,-0.400689560954702,-0.168043541956389,-0.095837849737404,-0.0998796213220053,1
1,106,0.00431290183123897,0.372104170210172,0.112745609778556,0.0405308487668257,0.00465705301192589,1
2,106,-0.0340093741170076,0.375112450576673,-0.0201927452321222,0.266390176371598,-0.0679242843078818,1
3,106,-0.0876364926999975,0.0847817758170397,0.0257986098182916,0.288704528806627,0.094230352836585,1
1,107,-0.0368861523318002,-0.458284103674503,-0.042331917198929,-0.00647868061414777,0.0676400714300733,1
2,107,-0.275106190551654,-0.423642702643623,0.19506800384038,-0.358007318676217,-0.0052845479292903,1
3,107,-0.0448061559505026,-0.415042587943187,0.0401597066684031,0.455921048618041,0.0270857136462922,1
1,108,-0.154793604927517,0.353755704864392,-0.0465351262219836,0.0827703237577552,0.209637083193873,1
2,108,-0.149859490675695,0.307093551934509,-0.0615496814792382,0.209472340473461,0.205388535366578,1
3,108,-0.168019312330235,0.176704404628063,-0.0944357369958507,0.559987257695021,0.261754985373844,1
1,109,0.190946810644611,0.469106196688319,-0.103774625482873,-0.707294705448836,-0.558433923140398,1
2,109,0.191262734894782,0.546860703106351,0.0202118222961334,-0.0502524584881286,-0.575854246535899,1
3,109,0.0651198945293756,0.386665510799746,-0.132800156368317,-0.689783934882639,-0.578245807394203,1
1,110,-0.160310827874103,0.190855002104485,-0.152159612835088,0.256018554054513,-0.0680572961076641,1
2,110,0.153741131072246,0.343570244579075,0.0288311277621566,-0.323198177491294,0.0867862587199097,1
3,110,-0.260118448749916,0.324479183467517,-0.0075444362731599,-0.400065255019251,-0.0901347176679766,1
1,111,0.0707523524097878,0.705630961201621,-0.045960988579111,-0.402061014963781,-0.190003924220627,1
2,111,-0.140128198037448,0.693672549329154,-0.0641496809046101,0.614847919088256,-0.336658127738725,1
3,111,0.0652823573647211,0.756709400812044,-0.00971652730180772,0.0268425531435533,-0.23053590953092,1
1,112,-0.0572430868189292,-0.42448974745375,0.0749398158477924,0.144364410311878,0.123855258298238,1
2,112,-0.159354476335154,-0.439270703190548,-0.0689032976860032,-0.523977162826272,0.0203374372627257,1
3,112,0.0221740492579554,-0.429926713099113,0.114624224110208,-0.112537191945215,0.17270042184233,1
1,113,0.200020712556065,0.0201400472381785,-0.115420364624187,0.111850135839621,-0.0920612132598821,1
2,113,0.00873463091167143,0.0765041011208241,-0.0809945635451222,0.301669664579832,-0.176371866965672,1
3,113,0.0986900940846743,0.134147125995028,-0.0134958631815497,0.687271104910622,-0.206354031320618,1
1,114,-0.190883658794169,-0.120358683371891,0.0237577668106219,-0.851331091671019,0.126784641515048,1
2,114,-0.134288604316007,0.015529889683197,0.0148072843617727,-0.274705210986702,0.0924704704045623,1
3,114,-0.0196687468260946,-0.0120840186297268,0.0456729406066236,-0.124877578412328,0.122738859080796,1
1,115,0.00612677512251302,-0.946071049850349,0.0588432790100474,0.137586651101143,-0.15304457984883,1
2,115,-0.0406498930393066,-0.943990020407318,-0.0271883200582162,0.383488401689803,-0.195743801827666,1
3,115,0.154772957128665,-0.891449285734618,-0.0717248885105126,-0.555859094340221,-0.0861384410257792,1
1,116,0.135723919651786,0.377667305419396,-0.0993660307088541,-0.60719913199925,-0.359965626835392,1
2,116,0.0636668816421777,0.175444648208529,-0.0168533898998044,-0.637803116289713,-0.245107123520487,1
3,116,0.167766221318863,0.305794894746275,0.142253750681852,0.556020774315507,-0.249178751960803,1
1,117,-0.118798422943331,0.388261774056772,-0.0677532148158316,-0.212844731108759,0.13136400017266,1
2,117,-0.000297037340467737,0.478080058116425,-0.0469125991057585,-0.281904611426055,0.147194692927429,1
3,117,0.0239474131271533,0.416100373255584,-0.0225138211664422,-0.210996410372595,0.233400474143811,1
1,118,-0.0901558371623647,0.626887543895661,0.165311726116665,0.00242201603557951,0.149983723458061,1
2,118,0.0768869388441679,0.0461890971033914,-0.1155653867325,-0.0300960644033246,0.403207925223362,1
3,118,-0.00147265672771407,0.799494248484222,0.281586842119022,-0.74094669672106,0.253102065662414,1
1,119,0.000625510950098732,0.894469444325718,0.100708107226719,0.171715646471852,0.332243936599901,1
2,119,-0.0780245005893322,0.539094414460711,0.0332825080273881,-0.206492946784545,0.450056704899788,1
3,119,-0.200246846307564,0.811358594120535,-0.0478327119558516,-0.841827148148922,0.246262427804132,1
1,120,0.0239257852636697,-0.548903510623534,0.102235649677012,0.57698155322466,0.142154048239366,1
2,120,0.0254597563852476,-0.4098259538849,0.128655785970307,-0.210728725018964,0.146429387536498,1
3,120,0.0233689448990071,-0.685706299036517,-0.227358312973424,0.783286876849316,0.073152251576185,1
1,121,-0.0667522736910779,-0.26922667104033,-0.00592518965641627,-0.225418096116429,-0.0907165156077967,1
2,121,-0.157986600528634,-0.255445807158444,0.173944255887535,-0.441197167741101,-0.0523273869208352,1
3,121,0.217302255741868,-0.180560047333605,0.0579657375056119,0.0993639435501315,0.0537440418370247,1
1,122,-0.016657490519555,-0.707573227933829,0.135051109694024,0.864256070006465,0.254044644514286,1
2,122,-0.102506004885709,-0.458473394818078,-0.101405886996421,-0.235015393366007,0.106604528853901,1
3,122,0.0112442047423919,-0.417819839950399,0.126169404235661,-0.406762152167159,0.209465146409,1
1,123,-0.0928243961823864,0.658454854054654,-0.112740778845109,-0.0271504264113184,0.29212925241338,1
2,123,0.0969622582759306,0.834699706291182,0.0317762595682098,0.0623278171210489,0.34471239806166,1
3,123,-0.0394709654977358,0.813718197477837,-0.0112377687368318,-0.211896129325447,0.267085249163072,1
1,124,0.0566344269188315,0.282068851112825,-0.0843284558745465,0.635677936077962,-0.479581292098917,1
2,124,0.190081999098216,0.494130536082207,0.134528357763846,0.126298961182156,-0.360595687611986,1
3,124,-0.0827471271670422,0.666540193597515,-0.00195133383954088,0.257498858868245,-0.616088188566244,1
1,125,-0.272412785656514,-0.627426034995075,-0.0191662550915477,-0.0721784920268868,-0.290276072326019,1
2,125,0.0627112903172226,-0.416639801389855,-0.0560407537433813,-0.0386542354592602,-0.153137621446272,1
3,125,-0.0894286695101456,-0.379790984000622,0.0487767549526235,-0.302399628045297,-0.264948265337641,1
1,126,0.0810548310876229,0.024201433788956,-0.00753721646559403,0.0289150440285701,-0.137561244927494,1
2,126,0.023351863998971,-0.0153036678237615,-0.0943178406713734,0.0531599726012284,-0.169428974902761,1
3,126,0.128809965123989,0.161033621469009,-0.155795093608753,-0.204080883576414,-0.21766266032834,1
1,127,0.0378112027511301,0.410202514466057,-0.0386660670470822,-0.294257313610843,-0.0510308221102465,1
2,127,0.00705569125268433,0.359224938925848,-0.168998791647424,0.268665712517308,-0.126744131499409,1
3,127,-0.11221394225278,0.703072363188016,-0.000106838848265192,0.0133015673995004,-0.264997051518867,1
1,128,0.0640639828015283,-0.207911099569725,-0.0262877308063082,0.239963640259394,0.273162555711309,1
2,128,-0.00561160726513112,-0.200576005845511,0.0544234671779196,0.28505996511327,0.294671516745017,1
3,128,-0.138129415513804,-0.135811165509025,0.0696128735974602,0.287638191528103,0.144817706928401,1
1,129,-0.0171106129164083,0.0691845325396095,0.129200194049975,-0.328784468194715,-0.391624252092238,1
2,129,0.161370479306239,-0.116917118840694,0.0872686718208018,0.288422778293852,-0.250479134165045,1
3,129,-0.0306134528674789,-0.155198256207598,0.0606452020371621,0.340739334817493,-0.328824833098684,1
1,130,-0.0382625396330808,-0.284759541116541,0.0315289185205793,-0.191716096683521,0.154380547240762,1
2,130,-0.13933327289002,-0.448162082461566,-0.109968976780285,0.274035359402357,0.126126088107692,1
3,130,-0.167141371078583,-0.470184521583893,-0.0401265823249616,-0.0564745127350417,0.0702477576923153,1
1,131,-0.0248632096698047,0.657234363340812,-0.101801599418117,-0.45946643938302,0.155291500543592,1
2,131,0.0158589143891504,0.738424709087028,0.0272265843695696,0.473742548895366,0.111466400084907,1
3,131,-0.000674354170330882,0.536432025701847,0.0708874387283442,0.507809573738315,0.250054154800473,1
1,132,-0.0243744927800031,-0.112566777919805,-0.0101672210106462,0.126745082880608,0.121065639753388,1
2,132,0.115848747070567,-0.125401706443264,-0.0185795847262125,0.184783438282261,0.190736637801014,1
3,132,0.0735033947038972,-0.0209856437655562,-0.05915531863012,0.564357982768733,0.0803594533789884,1
1,133,-0.0134120114153805,0.237755019125912,-0.137302794367213,0.157649919599584,0.436304383733736,1
2,133,-0.249633584536852,0.238266730030404,-0.145087089112523,0.300310185286663,0.295633063830262,1
3,133,-0.0815531801791484,0.704553547809305,-0.0968128065483065,-0.393773475971792,0.209145437361553,1
1,134,0.143399493285549,0.145511385211559,0.0186979409415074,-0.277918629466198,0.362645573456958,1
2,134,0.190570374112647,0.281857895093158,0.178806213668515,0.22355420417539,0.391677313707607,1
3,134,-0.128825288878581,0.283773094009034,-0.0143654398454864,-0.194016734355717,0.176500250385865,1
1,135,0.192004406582562,-0.552137448965087,0.150285265016102,-0.397597334065679,0.143823260884282,1
2,135,0.165867117120127,-0.611219130287936,-0.184951774580531,0.105829060978271,0.0490040980684252,1
3,135,-0.143973935779077,-0.267148173690019,0.0122445918681973,-0.302096610473619,-0.206940915735659,1
1,136,0.101508543676147,0.730820103374978,0.160581801907609,0.161687196760884,0.185155747513612,1
2,136,-0.0998434197706509,0.449874777385328,-0.0185705105948793,0.169341605907513,0.109490605865371,1
3,136,0.159358506369294,0.569020914174469,0.0993754642155877,-0.122917641685241,0.284559062201485,1
1,137,0.0169183977693372,-0.0630387922431662,0.0259042490144912,-0.18981909506886,0.0279159086926916,1
2,137,0.0154785789972772,0.0798212528247473,-0.00708467766621196,-0.178539600827184,-0.0874081263274613,1
3,137,-0.0651675207540157,-0.128967993953903,0.101763766182837,0.0493365533217324,0.0394579532635917,1
1,138,0.284924909226904,0.490297193972304,0.107765972078686,0.310567171688081,-0.0870311740953692,1
2,138,0.0386784170395626,0.608864802674622,-0.0198538039937496,0.426789791647828,-0.31206806625015,1
3,138,0.376295089194605,0.487080084135664,-0.109101221015102,-0.0228210357333503,-0.156948359006486,1
1,139,-0.0529103232461316,0.694044603529026,-0.0157278848426242,0.167372436517805,0.00332284426323358,1
2,139,-0.11207583872364,0.351509199448945,0.0259252356305756,0.83745272106676,0.186325229856706,1
3,139,0.307751596498757,0.922572765458181,0.0441002779776505,-0.0830087072852292,0.119918840535851,1
1,140,-0.198498806860211,-0.258680912603167,-0.0353872510248459,0.0260607083440778,0.0807118827772658,1
2,140,-0.0427369858227761,-0.227634083494865,0.0514495698380262,0.327861192542463,0.184652378504126,1
3,140,-0.174351300163894,-0.203510426780709,0.0694942182116799,-0.814187358294917,0.191864640163115,1
1,141,0.0769214948693321,0.491142764424173,0.0251676559312985,-0.222371637916679,0.135931292922333,1
2,141,-0.072962404937032,0.515471924935503,-0.0403783038403586,0.307856970528373,0.0288469642269165,1
3,141,-0.0849444136082005,0.482277772111797,0.0458180397268331,1.07583659041237,0.0759224508032273,1
1,142,-0.212000695525472,-0.356946934643903,0.0557495165211904,-0.0906930409123971,-0.164067947238168,1
2,142,-0.216815266621512,-0.337244643151783,-0.017240691095571,-0.560798368174742,-0.17032155061943,1
3,142,-0.201036533414896,-0.684384458360943,-0.0580664974304793,0.622036489004447,-0.122910060813063,1
1,143,0.217599064582476,-0.855651861246092,-0.0968878170134306,0.447887774242685,-0.0159915749070717,1
2,143,0.105285245493351,-0.819424177310259,-0.0204895500373393,-0.409382934761842,0.00225480613059273,1
3,143,0.144690309032055,-0.702856038313728,-0.119997443436968,0.131002177324497,-0.0564717651966111,1
1,144,-0.0284168205826124,0.455570781415632,0.0380403151932465,-0.0102475478168857,0.0459649856634575,1
2,144,0.0432168045082488,0.235942148927998,0.00693809483150859,0.235508099284586,0.0644400309108337,1
3,144,0.097988630971161,0.359929503405865,0.0361361964280008,-0.644089759527457,0.0737969031536877,1
1,145,0.0178815059486772,-0.817992064971432,-0.0216703219078198,-0.099475804291929,0.104364361207365,1
2,145,-0.116016438581766,-0.692220196861618,0.0927193279884353,0.404192475409273,0.0105149262143491,1
3,145,-0.100140784326071,-0.883960170880189,0.0134524098147229,-0.401072431828429,0.0867307320261234,1
1,146,0.0870756343884508,0.569043337021621,-0.00708950242515107,-0.88264608879032,0.193399821520853,1
2,146,-0.126136218626604,0.342132268950076,-0.08803412871077,0.232923491914945,0.136935582066955,1
3,146,0.0787411618872323,0.374172388898144,0.00965278848790929,0.748300290935853,0.257123441942782,1
1,147,-0.0254768404127306,-0.275941266510528,-0.0451921850683083,0.0486617190482546,0.543234257590797,1
2,147,0.0800635182031816,0.0705480140968174,0.121964333242513,0.326043584746403,0.407698776171261,1
3,147,-0.0788290141616482,0.193750838691781,0.0853258305391677,-0.323411076695335,0.34695321703557,1
1,148,0.0858259499367197,0.684826769694919,-0.0682386190936611,0.167054364808595,0.0714590077668816,1
2,148,0.0478229911875838,0.611229649431255,0.0803077145391183,0.495254291817502,0.156195576966726,1
3,148,0.0852224427656491,0.657413106819447,-0.0780175396960067,-0.217009196463948,0.165786855006528,1
1,149,-0.005846782365828,-0.554456021071459,0.000462724861610513,0.924559143475924,-0.130649249627668,1
2,149,0.145761788011419,-0.306328215712378,0.123784706233587,-0.531323134843441,-0.0513968727180989,1
3,149,-0.0521716154022582,-0.325166864301484,-0.0158025309098775,-0.298541798095036,-0.23055747511701,1
1,150,0.0465257472218314,-0.449717945223741,-0.103937095064354,-0.182016086424682,-0.088141116352481,1
2,150,-0.0885308315582374,-0.123766561031221,0.0682013750395955,-0.235629441811959,-0.24249621681642,1
3,150,-0.0418052778786402,-0.307093439898758,0.0040304120700307,0.50927879388927,-0.217847990483599,1
1,151,0.36218114509135,-0.024446830735876,0.00886739022183695,-0.494428725432355,-0.152077364144642,1
2,151,0.0565035842775925,0.134453390457604,0.134606276789778,-0.508836732184205,-0.429129946495311,1
3,151,-0.104118205781264,-0.0364089659992759,0.0221239562446859,0.231253981242236,-0.432113298418425,1
1,152,-0.0622702193713706,-0.0805085680993459,0.0677402029504047,0.112729190649932,0.171629889531543,1
2,152,-0.227550498638115,-0.069403315620329,0.0406299968142483,0.00362795978471886,0.0747216983428288,1
3,152,-0.123107897207797,-0.0781254345239314,0.0160776344615947,0.00845625210157408,0.0788266213624663,1
1,153,-0.0432614899545318,0.419981060615907,0.00700651332180454,-0.253621806423491,-0.441141733823563,1
2,153,-0.0554347490126224,0.266240070768148,0.109760531313114,-0.349859360126212,-0.345814348367717,1
3,153,0.146221541922884,0.12932339541256,-0.125913721450452,0.102912111292931,-0.326241048246683,1
1,154,0.270483911806714,-0.383223901180367,0.115677054577748,-0.357958223913063,0.261143189691829,1
2,154,0.0627343918142507,-0.167478927537501,0.0144355045839883,0.127243800207671,0.0308705726338306,1
3,154,-0.0239116941376685,-0.322791094368884,-0.133908552225779,0.433193578482493,-0.00264633638646861,1
1,155,0.0470796879105725,-0.467133116474935,-0.0554616858841292,-0.305946533675153,0.0523201507066588,1
2,155,-0.0132000611517541,-0.768852926046621,0.191549256531648,0.966075246277022,0.181525705389877,1
3,155,0.00891260110863015,-0.579503054694276,-0.00606631385214143,-0.171693300892307,0.123641398156695,1
1,156,-0.0992026039749978,-0.201822221666287,0.074045724216125,-0.146371836581695,-0.0672142607643173,1
2,156,-0.00889333541268265,-0.420984052576679,-0.0519784576566219,-0.0992870284820839,-0.00591753114012452,1
3,156,0.0108748594978978,-0.550655442526639,-0.114134335705584,-0.122610559391516,0.0424651803376778,1
1,157,0.181438968956531,0.148006390136606,-0.0485017225852504,-0.34868759173313,-0.400642514321174,1
2,157,-0.0182089410352123,0.062110990998485,0.0173769308070673,-0.302953044337661,-0.396702248247157,1
3,157,0.191013686922667,0.0578912675957516,-0.128135146683898,-0.589452298150869,-0.361552441290327,1
1,158,-0.0394407583550128,0.0257809493157468,0.0736478938455821,-0.01175925667361,-0.112600760785654,1
2,158,0.0364413422199193,-0.213126073906235,-0.00547340182355976,0.482596881492437,-0.00995873438763083,1
3,158,0.21128556491251,-0.1914251120994,-0.040227207808605,0.0771674415197638,0.122757527857808,1
1,159,-0.0337354081705088,-0.40760818877697,-0.0148022552990576,-0.665894811551834,0.0849392484709099,1
2,159,-0.0601113545154423,-0.513052307087772,-0.0558759637163897,-1.08508885481153,0.0909103691330957,1
3,159,-0.00283021998507745,-0.509529867337849,0.153225410867156,0.932914468080521,0.177079338084118,1
1,160,-0.0678017050377695,0.310236937030362,-0.100124098940451,0.453781959442172,-0.200998821298244,1
2,160,0.0818464527071117,0.61606436136937,-0.0652501823447044,-0.156101111337214,-0.267983430445078,1
3,160,0.0805163980745187,0.609326693561756,-0.0357067680323464,0.312308083238223,-0.25231174324296,1
1,161,-0.01613992981166,-0.347043488754091,-0.039740507713343,0.132272113924355,-0.00763106364410845,1
2,161,-0.0578457966861885,-0.368120892096082,-0.0627595468040478,0.695699153697419,-0.126891518458154,1
3,161,0.00291818533795827,-0.375729067476341,0.0217067268701136,0.0330645479344217,0.0193669110739636,1
1,162,-0.053953018329605,-0.896893031577742,0.144785541167035,0.474523223924426,-0.347510365312401,1
2,162,0.0422334746033078,-1.1786729744336,-0.00654533963277609,-0.0969873355236091,-0.271266556590684,1
3,162,0.280841543589446,-0.999904057083089,-0.2853593177967,0.412332912428447,-0.164556535631711,1
1,163,-0.133058642475779,-0.486372237398083,-0.00568749742384802,0.2536957533961,-0.190027180159542,1
2,163,0.0537334606208272,-0.314025908299062,0.105231178261487,0.219654372794227,-0.176009246760212,1
3,163,0.129539778041295,-0.0931152267093642,0.066687875991545,-0.993538660009435,-0.119772963441886,1
1,164,0.0801570514258447,0.482392831824512,0.0376944263671956,0.248739185967579,0.521022865979449,1
2,164,0.124624611110394,0.426192730028815,-0.0145831074780621,0.416171825388852,0.52966709221173,1
3,164,0.112858837071017,0.680482065866438,-0.153716472128594,-0.367365820965102,0.312820316563711,1
1,165,0.111321248499153,-0.59107713679899,-0.148022146532694,-0.830546439600229,0.120892517649036,1
2,165,-0.138182346531366,-0.803293748396781,-0.157206799572307,-0.364130797185873,0.0271470843556917,1
3,165,0.00754949618626205,-0.629935567202367,-0.0629929959249423,-0.85047555193959,0.0577787596840161,1
1,166,0.00313527940812795,0.162921704727615,0.0773956990098055,-0.276199029304173,0.37839630853008,1
2,166,-0.0701793668766677,-0.0672642499299973,-0.0676037233844774,-0.174959627306681,0.376327783966926,1
3,166,-0.0959959346357812,0.130129463694912,0.0839293905630007,-0.410748276167318,0.361579636822907,1
1,167,-0.24749811975113,-0.106571310721313,-0.139915568943497,0.690252637764192,0.32439016356323,1
2,167,-0.0869144503259347,-0.110568593022559,0.0982510200759265,0.255551852932632,0.513025694470607,1
3,167,-0.106258233266642,0.0118296380448157,0.0211297648753044,-0.044767034168102,0.476798517427912,1
1,168,-0.0212990696755945,0.125566640188913,0.0299194536534386,0.0246133973347109,-0.285256517707018,1
2,168,-0.142817327801101,0.0842770250814424,0.0110129251972474,-0.192951798187225,-0.319425215733104,1
3,168,-0.0130348179380012,-0.069666834203354,0.0956548318268762,0.0719908038173661,-0.153077289658837,1
1,169,0.0673522807198104,-0.468068291289244,-0.0125421763764761,-0.398893369557647,0.109022522072213,1
2,169,-0.142133927294939,-0.262848188279707,0.118970780827247,-0.660019738391121,-0.0538037262546786,1
3,169,0.283601533344473,-0.409385992710419,-0.106725629237503,-0.224089026856164,0.181034656713855,1
1,170,-0.0564259553629288,0.391399482553206,-0.0364396085154481,0.10241756429677,0.210713079053133,1
2,170,0.0844868668240004,0.203445469550738,-0.035439729945069,-0.124060846353787,0.429139886481814,1
3,170,-0.243354306446977,0.400679882366087,0.0195334629396558,-0.779744900203616,0.141814169696992,1
1,171,0.0087358884289388,0.140741478515326,-0.0553733536631992,-0.0216713765021313,0.0650813154152598,1
2,171,0.0918158823454398,0.127050790534403,0.0498125824693527,-0.531793135416746,0.130365155910589,1
3,171,-0.028915812946153,0.185631223448339,0.0233429597883537,0.0231398915377315,-0.00848558853622996,1
1,172,0.114106472297786,0.0455727410861906,0.0288776473449033,0.351071598470716,0.38924089579349,1
2,172,-0.127550681740521,0.198776926778675,-0.127283676052327,-0.750577855825506,0.215581491557124,1
3,172,-0.133239748371748,0.353375088941377,-0.0930143566255925,0.612964106316821,0.0483033817291757,1
1,173,-0.148902326092637,0.442039891086668,-0.0277105178683478,-0.415443567337435,0.377525449953378,1
2,173,-0.211122220688037,0.47562488260261,0.0288587610537087,0.605415613778951,0.238656120529401,1
3,173,-0.0459932189847288,0.541739988105825,-0.16076425826758,-0.00305014746668628,0.260651879075402,1
1,174,-0.0392807821095611,-0.116829176286574,-0.065807103572817,-0.285171731269533,0.175114049050688,1
2,174,0.00594592689782501,-0.0718145327433988,0.0421356034525444,-0.109486765869787,0.224643680771905,1
3,174,0.076858295076331,-0.101904143077569,-0.139431310783099,-0.301700149957288,0.204989100420137,1
1,175,0.00787679337023253,0.808313660538698,-0.0550355291203303,0.371309369950874,-0.0206166560339196,1
2,175,0.184263921340736,0.695458176176355,0.101565757388653,0.732083589598623,0.108359958411384,1
3,175,0.15944940266661,0.746367606480184,-0.135717207155592,-0.114004420033475,0.0895564273631557,1
1,176,-0.0630051425087867,0.77442245794041,-0.0207402093380824,0.00685610158493518,-0.101034009887981,1
2,176,-0.00801699123582707,0.669437825235079,0.0723910798215318,0.0435113152064123,0.00751796045338292,1
3,176,0.107350180355295,0.546972624680346,-0.0414996654829006,0.309236078892654,0.0739500553667422,1
1,177,0.0635930635893502,-0.0176463999560193,-0.0298445544619438,-0.0565008380199364,-0.14041048840407,1
2,177,0.0561400892602458,-0.169082520671654,-0.108099648235085,0.0334422249527124,-0.0925118998128146,1
3,177,-0.010812874735018,-0.120213275435604,0.106337734375086,-0.243572285742678,-0.0427948873215587,1
1,178,0.138882216197646,-0.189655659611974,-0.119449089303702,-0.0912059133509613,0.251844838583998,1
2,178,-0.0861290691052628,-0.000690571425901766,-0.00796941234423269,-0.0471423913310343,0.0418419026704978,1
3,178,0.123446790954758,0.273956715782072,-0.0478297753580943,0.315776434059417,0.00164965577028647,1
1,179,-0.132710164234866,0.227676751100759,0.178604177129304,0.0988234798390493,-0.113984463142827,1
2,179,0.146817673297308,0.16201617835353,-0.054239206719307,0.450430106278504,-0.0706848507338079,1
3,179,-0.0220414237485077,0.255938441002488,0.120945028278588,0.548150185150165,-0.122765736406039,1
1,180,-0.0402757134022399,-0.0780963550680393,-0.00282896648454009,-0.175962821674545,-0.107845487192074,1
2,180,-0.150121207825934,-0.268643233667863,-0.0304850261288263,0.466518720941218,-0.134878978761324,1
3,180,-0.119574728606935,-0.101645801043153,-0.0771279948857054,0.418187580933823,-0.170130635697548,1
1,181,-0.191319602886134,-0.435197240287484,0.045642058619425,0.50397464763338,-0.101799988956192,1
2,181,-0.111306813935826,-0.407074086071268,0.0783913453056976,-0.500739045669446,-0.082937073992664,1
3,181,-0.12576570597679,-0.473786758886236,-0.0872189894326884,0.425765822416204,-0.122993459058438,1
1,182,-0.148108304674636,-0.089948040694666,-0.091684594760731,0.171247180734206,-0.0302747908967686,1
2,182,-0.038660247350137,0.0668248819009864,-0.0593425628691807,-0.283869882929725,-0.036213600388956,1
3,182,0.0245349817561373,-0.362398296325549,0.0147077242081714,0.21590567174912,0.183167650986896,1
1,183,-0.0130111133610289,-0.0849728574153045,-0.00784742512442167,-0.426149150499446,-0.0226737445838957,1
2,183,-0.128777250265091,-0.0377074504418429,0.210727192559286,-0.0902425109187089,0.030732994957605,1
3,183,0.0795273162162949,-0.328658474681187,-0.0663053148563837,0.588690082823028,0.0801107738280427,1
1,184,0.149549743201881,0.178208775096231,0.0867480567388683,0.372931523802131,-0.250426935185939,1
2,184,0.129391609121764,0.0331230320611651,-0.084250113062694,0.161430517817688,-0.270720143156613,1
3,184,0.0732119136149546,0.193872302231924,0.0509456086437794,0.535170406778328,-0.315925996894776,1
1,185,-0.0861263788729034,-0.312546115691191,-0.173917976925075,0.257088218602589,0.148959977977957,1
2,185,0.188849207690589,-0.563893711910094,-0.0673542067800225,0.0193894490971726,0.499225201192055,1
3,185,-0.234041698466653,-0.463617676410845,-0.064495804695527,-0.218845003551608,0.179392994368823,1
1,186,-0.105426547176778,-1.00279467738692,0.0725618617299328,0.564581553200107,-0.0454017483659844,1
2,186,0.0754804510646546,-0.798672275876391,0.0918193469332037,0.203856143474728,0.080127505008732,1
3,186,0.0474480871037273,-0.792173268562686,-0.119837038679475,0.0380586706736786,-0.00268461804236551,1
1,187,0.0311138902615232,0.883109840481561,-0.0955481766525262,-0.560630522174074,-0.141065049231612,1
2,187,0.147388219849158,0.835079297137152,-0.0576897182272664,-0.368609246763515,-0.0603086978760635,1
3,187,-0.0453175919274124,0.817437333286037,-0.121893079639403,0.229955537006169,-0.181015662455671,1
1,188,-0.305110116419434,0.267273357914554,-0.0541542169706569,0.221631433175741,-0.155895590299307,1
2,188,0.0568901999495353,0.0212826710960616,-0.00359329259899934,0.222216799078421,0.153963761495508,1
3,188,-0.273717425539302,0.593080462825421,0.113434363543574,0.611205644791411,-0.201935242892952,1
1,189,0.14480945536348,-0.126352980010369,-0.0389096767780633,-0.118896957827294,0.276798758987865,1
2,189,-0.0172099349834039,-0.247436106687268,-0.14891438915719,-0.338165049662433,0.225746262335488,1
3,189,-0.306974987888662,-0.476984770854132,0.143840003772184,0.0783279591013686,0.209466373393409,1
1,190,-0.131427634919999,-0.010113710647249,0.0070341043281935,0.716536956863104,0.134377415247684,1
2,190,0.110996050383789,0.339017190517459,-0.00745789814450921,0.641533526578571,0.0744855941480403,1
3,190,-0.0809736232049757,0.444459511960718,0.118137551020625,-0.134914625971453,0.0315662738010869,1
1,191,-0.0275953455191433,-0.739056993696977,0.0976507600875891,-0.0597694938360935,-0.0251178320278858,1
2,191,0.0725672539694946,-0.672496850860336,-0.0104876338876602,-0.118665753921174,0.00657529311901989,1
3,191,0.0534933429792949,-0.757387150258231,0.133940688838689,-0.480545654058989,0.0909147796178868,1
1,192,0.150064738998219,-0.272300163400313,0.0370050316900827,0.184199696601651,-0.319362369119842,1
2,192,0.224214151786462,-0.480824477182175,-0.0444550340870692,-0.265896646667329,-0.198634544525689,1
3,192,-0.274478888220062,-0.411001170710747,0.0293136995042171,-0.0198301238721869,-0.532028937546629,1
1,193,-0.212818792738115,-0.105086243123155,0.00572327072975513,-0.651774725436768,-0.042932706569732,1
2,193,-0.0267745181733304,-0.142677065912407,-0.0750937371730917,-0.315851397654729,0.0545521720724877,1
3,193,0.0508013181639127,-0.286107752404971,-0.181364970186259,-0.45300789262244,0.0859732408848164,1
1,194,0.223223832315901,-0.20563312584446,0.0613922645708827,0.195478279687557,0.144884798751589,1
2,194,0.17113182541232,-0.387852928260347,-0.0120016591263314,-0.117828415449241,0.0832039105400681,1
3,194,-0.0166951363960601,0.0904390822633882,0.0885583386344106,-0.236627212675555,-0.120740298181477,1
1,195,-0.075344469131144,0.172884954406879,-0.00810186458345339,-0.114956633146566,0.144395347852081,1
2,195,0.103490765543491,0.0656454340511192,-0.0390124308521204,-0.335967203268745,0.352704138974057,1
3,195,0.0847676997855766,0.130252628866871,0.00565739632591881,0.142341352005841,0.294208856575518,1
1,196,-0.1319830331058,0.261483294355735,0.00463880750648969,0.400297490604607,0.244087284547954,1
2,196,-0.0640308535117674,0.167663342463382,-0.0574782445986413,-0.227297081331233,0.236355441413595,1
3,196,0.0710570919881248,0.244883012720726,0.0428553125850031,-0.984468377416502,0.362826033522832,1
1,197,-0.117606470212801,-1.09702744940037,0.0998973491346598,-0.381005431203711,-0.304000383214405,1
2,197,-0.0447355870282464,-1.36463320107595,0.069576748274378,-0.0205094785884417,-0.180290887169451,1
3,197,0.189795893817319,-1.14175643823216,-0.0812371752659613,-0.0802852630005063,-0.14731576965011,1
1,198,0.0746902456903604,-0.412373651403271,-0.11337089444473,-0.274316220978517,-0.207898933309312,1
2,198,0.0626125320900285,-0.329072993032126,0.0389324548759909,0.0150763880084686,-0.238284856848364,1
3,198,0.117238161164849,-0.450083337951104,0.0537753158777672,-0.280142915632394,-0.104370827740917,1
1,199,-0.204597835448143,0.637671776228639,-0.126142099617197,0.659738262273283,0.00758111159564875,1
2,199,0.0315128705459133,0.719711571290172,-0.0915228226835024,-0.403460970298157,0.164918708925915,1
3,199,-0.0195503876613646,0.455110325293793,-0.136910505194945,0.785615295287255,0.210761015466731,1
1,200,-0.0325398872346557,-0.340362940117446,0.0686413474261253,0.446238558918952,0.230285432483114,1
2,200,-0.0332238646183443,-0.121183439270307,0.0669870654309572,-0.219772493559795,0.168040288634947,1
3,200,0.00953932025743453,-0.0961958619893051,0.0151502443847138,0.420161162672743,0.138908929289096,1
