rep,id,phiS,deltaS,phiL,deltaL,deltaA,GROUP
1,1,1.20144239046271,0.0533755877369219,0.631679534685728,0.000673074611233806,1.23867548209044,0
2,1,0.971924628417895,0.0578937478516659,0.613454444862348,0.00100976560586581,1.02135836705993,0
3,1,1.01786701530432,0.0512192061314578,0.636642895499019,0.00075866021288707,1.16623210541342,0
1,2,1.20720367307061,0.065325456283179,0.587455930147601,0.00135251303282875,1.08261506873348,0
2,2,1.0258268776829,0.0744480748202783,0.622743150124159,0.00100474855784149,1.04511899707011,0
3,2,1.00794061833728,0.0909774085409579,0.59398657238262,0.000651385504734846,0.948898919426452,0
1,3,1.11875148506473,0.134498135606992,0.635089042740458,0.00135686762964555,0.771841307577713,0
2,3,1.0338982379713,0.0620075060361214,0.544652515346475,0.000546058126024999,0.834649437923193,0
3,3,0.940396773235224,0.0676530212956503,0.506462598944405,0.000548715953727565,0.763574344639579,0
1,4,0.783073896765536,0.0926162897377179,0.613451230577052,0.00110598772534668,0.82075919638876,0
2,4,1.1372776274054,0.0915656772934789,0.721657618134927,0.00194212902261149,0.938871257500739,0
3,4,0.724127584702361,0.110271463253989,0.537295199583006,0.000868739173840042,0.653994907101363,0
1,5,1.23684735241118,0.153648203566458,0.588443007613812,0.00117691839244413,1.15098318652681,0
2,5,0.942281355209532,0.0796502415701928,0.579623333358988,0.0005040257776519,1.269056881768,0
3,5,1.1235675046237,0.134697944688304,0.635648236581538,0.000904840813336869,1.21224909205422,0
1,6,0.871761852028765,0.082292225709507,0.659752215067319,0.000783647620565992,1.06306464710419,0
2,6,1.069351694474,0.0677077573407158,0.617753890311294,0.00065856169907772,1.15985823032804,0
3,6,1.01231636482982,0.0553120776257696,0.621334654248752,0.0004728263756519,1.25147028080112,0
1,7,1.1277725862398,0.102094562909679,0.584214887115105,0.000565923132305767,1.00875759347159,0
2,7,1.18725987448304,0.121340706123371,0.567759530630406,0.000731017578405984,0.87912208992727,0
3,7,1.1242185476405,0.128577267351625,0.547018942342549,0.000556045519851082,0.834089592954136,0
1,8,0.856724058811686,0.0964421157933067,0.525671293087058,0.000947719197587203,0.879131419296471,0
2,8,1.1109153612614,0.132077454893611,0.61328017321458,0.00138445253653246,0.93034167702332,0
3,8,0.907570148524712,0.11013463992568,0.62252587996518,0.000616459742363929,0.971759019031313,0
1,9,1.16609967294417,0.0695138337689672,0.572212515363974,0.000785941268017642,0.605852018295235,0
2,9,1.14383357987686,0.0676094660106924,0.591441799766414,0.000578176081777883,0.624285437694403,0
3,9,1.11029885063039,0.12239192794627,0.60723571038714,0.00102081037859877,0.541136519919144,0
1,10,1.03210756381473,0.0322147231161664,0.542183965775164,0.000548990163142497,1.1033836668811,0
2,10,0.760496466029324,0.0564331581198467,0.581553393501277,0.000984860266924332,0.884979313097732,0
3,10,1.00160002122244,0.028368127527236,0.569085410381244,0.001612256022313,1.15132318101535,0
1,11,1.07128991187953,0.260528718591274,0.56466695828657,0.00104189993090363,0.865261677219102,0
2,11,1.15265693671494,0.200839034913439,0.563330255717445,0.000623480513562487,0.893960887820964,0
3,11,0.877503784326735,0.182637792671853,0.597985794202175,0.000843352438116137,0.913589823931807,0
1,12,1.03574319183866,0.0461888018814244,0.595639049611423,0.000548389466920479,0.624336418266296,0
2,12,1.16267743691984,0.052154370954991,0.720642274747802,0.00194230922966736,0.700059637792155,0
3,12,0.914045998822046,0.0483555131427747,0.573433461191731,0.00101593492973296,0.60293311307474,0
1,13,1.03592758293569,0.0516069333461188,0.615814875492031,0.000539037328887503,0.934648762282359,0
2,13,1.23492596798313,0.0677242777755094,0.615032395063435,0.00196880400145271,0.885559541160544,0
3,13,1.20282277433358,0.0622985280387474,0.565111599133078,0.000999342260333757,0.872692054632493,0
1,14,0.983210173277532,0.0972285139296693,0.547570596376829,0.000522594909772099,0.843008596827184,0
2,14,0.898675425562343,0.0753063284327908,0.545654854836805,0.000474135440407752,0.859147606870809,0
3,14,0.970882234357509,0.0844310766548094,0.617749346966382,0.00152488326243611,0.853536175971123,0
1,15,1.11528020564691,0.121831961674699,0.617421797692621,0.000938079064792798,1.1215898026524,0
2,15,1.20378459127983,0.100160703795017,0.624144596492627,0.000382717287806899,1.20570988697976,0
3,15,1.08935469439362,0.0696130923842144,0.642078795533523,0.00077072207946569,1.27624030386604,0
1,16,1.11654051331168,0.0679619725010403,0.674637537618942,0.00050045947779662,0.849493518324529,0
2,16,1.10057016582602,0.122610951984549,0.604233424718869,0.000738009154279766,0.679953519708974,0
3,16,1.05769632986095,0.104731224579452,0.646279585324124,0.000819466080879725,0.696907298733807,0
1,17,1.34504834198837,0.0472732559669158,0.6980683010553,0.00152506655714356,1.04541650032014,0
2,17,1.23799309437379,0.0860785998922191,0.58783273423117,0.000871237645419431,0.762424469766936,0
3,17,1.19349243662951,0.0871614230497602,0.629143110824873,0.000843013519308737,0.78107012488116,0
1,18,1.26550993554877,0.0666677082378443,0.52774724286535,0.000456526019189939,0.709965452904098,0
2,18,1.56360921459476,0.0692055006053775,0.601053866228759,0.000690301975286284,0.833716798839471,0
3,18,1.20995597615523,0.0820503957417767,0.6098759522381,0.000754970491516738,0.69680571482463,0
1,19,1.08073652221157,0.0876196500367367,0.582952817510499,0.00145619417279881,0.682584889968444,0
2,19,1.02493278638113,0.120236319307368,0.59813439703581,0.00045995629481699,0.647843235774067,0
3,19,1.03336739879583,0.0757145128005809,0.649638121697265,0.000614812337213295,0.755669259648994,0
1,20,1.06500375955822,0.0852466432628404,0.570208498479346,0.00093554179937557,0.894221062394001,0
2,20,1.08152438233877,0.074532057533904,0.6839282459029,0.00117979872604235,0.996319050586602,0
3,20,1.42712425788493,0.109019208466679,0.659953365891501,0.00118759125721752,0.945294889844925,0
1,21,1.2795395939101,0.0471021090626868,0.607487223652581,0.000394025414814838,0.632922444604965,0
2,21,1.11417494090625,0.0410316484936388,0.614553124835113,0.000813508647182976,0.609177730477417,0
3,21,0.907778943130266,0.0463048174411073,0.656545978593008,0.000636980080384419,0.564016651977167,0
1,22,0.933751619395638,0.0606187537355611,0.588253768062748,0.000624071715068981,1.10599418657165,0
2,22,1.03157165522609,0.122402900957384,0.59688406700577,0.000606223451778555,0.932002187631315,0
3,22,1.0079125249848,0.124366074600281,0.709573397751222,0.000481169497150335,1.06367047534021,0
1,23,0.780949078057973,0.138135526402326,0.624868299904864,0.000757574793287342,0.74663623232238,0
2,23,1.07069605770459,0.175851462567869,0.632737833652586,0.000530863160468034,0.693401736290529,0
3,23,0.936665491297406,0.162480492109444,0.569991307343886,0.000885417703377824,0.678896958305515,0
1,24,1.01608780890554,0.166059447281684,0.565958908554592,0.000411143091455008,0.789584505345625,0
2,24,0.946396465730961,0.111295942239577,0.609656878763139,0.000889680476705515,0.907245274966692,0
3,24,0.899585667506277,0.092773885662834,0.636642654988091,0.000199679012682367,1.01962437911051,0
1,25,0.982604517700452,0.0797589121541906,0.637484767273862,0.000962359274936893,0.838320909107788,0
2,25,1.15506965399008,0.0836116918880856,0.577896306930148,0.00115858366087452,0.766344007886072,0
3,25,0.926642848911549,0.1210200708283,0.60561615948619,0.00142771125057267,0.709027813313327,0
1,26,0.975421382740968,0.0351838864970864,0.639650961962155,0.000687201863751108,0.709150745040077,0
2,26,0.966555640355606,0.0284882222695106,0.589200420519235,0.000987894517257448,0.70791228274248,0
3,26,1.04952429043095,0.0286275271328419,0.632643921718433,0.00136145399375622,0.76198150626824,0
1,27,0.984602722359711,0.0901708770174593,0.556621627389927,0.00112231849142594,0.777257619425567,0
2,27,1.08637680875684,0.105146158313046,0.581239293902995,0.000436449871049363,0.774122971086848,0
3,27,1.13760899639136,0.110134190649203,0.587158156799053,0.000827393902915137,0.815655887374238,0
1,28,1.21458279806292,0.0478579152224147,0.642563375868582,0.000482506965148231,1.01787773000084,0
2,28,0.984450291614611,0.0260306352360898,0.633467030266643,0.000943662009560598,1.04732926192026,0
3,28,0.959511257242539,0.0599561263480935,0.608668087700079,0.00100042022132063,0.883625400098481,0
1,29,1.15942893929804,0.125871977916415,0.539393114980914,0.000660681878842359,1.06469731414155,0
2,29,0.964928417535983,0.140790199429725,0.513582051324821,0.000511174323963074,0.945437740340575,0
3,29,1.02952677734365,0.149817807721489,0.656856831618476,0.00114508603135473,1.133595470514,0
1,30,0.878802064015641,0.0452723479575165,0.587636401483294,0.00117918613960793,0.905893005901759,0
2,30,1.26061526358731,0.046559124805056,0.597682931624937,0.000825516426915374,1.05903475810703,0
3,30,1.21707083997814,0.0379333866309397,0.551599062885394,0.00101723085349945,1.07504082602976,0
1,31,1.02209621384437,0.0377208703491205,0.644084712456364,0.0015258177910927,0.598621701524127,0
2,31,0.951550968968159,0.0571305334515227,0.685876088958225,0.00165980561687538,0.565449600407261,0
3,31,0.96139319049828,0.0445811948427279,0.518222283633189,0.000589206416934378,0.511071591608726,0
1,32,1.0124703899276,0.0574508934389979,0.632045487375189,0.000386374847156529,0.673914944904881,0
2,32,0.902178777865405,0.0493081571005419,0.617030387355442,0.000738369487863595,0.656215899904136,0
3,32,1.10655196191346,0.0424064994016312,0.628319512712936,0.000705908757284701,0.750103203684221,0
1,33,1.01487874230318,0.157775413716678,0.64835220459115,0.00119118085590719,0.895114261910759,0
2,33,1.05180869761167,0.125596092594894,0.693899158369091,0.000809850628475695,0.978871884535133,0
3,33,1.29868947356904,0.167436981531721,0.644546334860856,0.00068724289213473,0.901410624361408,0
1,34,1.07390256203583,0.0989319963321244,0.521911870372202,0.00116321012660915,0.884965867362452,0
2,34,1.01613837678899,0.0974187864889332,0.553659206328467,0.000722019904271899,0.869756414897477,0
3,34,1.12726490191102,0.0684125061840769,0.57057372106837,0.000913670399020505,1.052313111893,0
1,35,0.977027953938495,0.10666026725488,0.541172169389684,0.000887026792954143,0.848755368456581,0
2,35,0.938329035095228,0.0858846124167181,0.548115134197471,0.000973418432539778,0.844174085938845,0
3,35,1.00550811320071,0.0921459627001606,0.625729372165799,0.000756463358165957,0.951054165741773,0
1,36,1.2001818998881,0.146583895488664,0.569885372969145,0.000720933318000005,0.715392040429852,0
2,36,1.32296283761032,0.125792083292841,0.58276638738618,0.00105875338804295,0.785050435993604,0
3,36,1.0485550178118,0.0898609457734021,0.613006838659235,0.000608374502170724,0.859895135593591,0
1,37,1.15306509741756,0.0761535858537182,0.631723731295728,0.00132365628617369,1.0703134207906,0
2,37,1.13642984166878,0.172733570194168,0.570445432009075,0.0021855230498889,0.744941471580819,0
3,37,1.25808935577134,0.142950460104461,0.573878946708016,0.00145762096637706,0.857653407179714,0
1,38,0.875104687659908,0.0486441942730876,0.688309064372021,0.00110410707917186,1.21099712478493,0
2,38,1.07383545044458,0.0457494502749539,0.516878708793638,0.000719538246991323,1.15014568130998,0
3,38,1.09970692811688,0.057158171271481,0.610065269038945,0.000815586681897987,1.19647614967401,0
1,39,1.10617883537061,0.0589760114168504,0.661527681610773,0.000815580232104165,0.93233442888918,0
2,39,0.87197811670081,0.045858408244823,0.627984588005349,0.00106592930114657,0.889068057427285,0
3,39,1.06756462253562,0.0353281228234255,0.650452884758401,0.000786503756105102,1.04981910641958,0
1,40,1.226403786846,0.0365203503024142,0.625706937440048,0.00056125585504447,0.612447439440087,0
2,40,1.01654310155641,0.0265674805523398,0.508669137613121,0.00074234355428817,0.529583157062344,0
3,40,0.899106739744535,0.0363059118105208,0.63299036679527,0.00138668839169609,0.532858504397095,0
1,41,1.06657364531145,0.130410576976639,0.608138850834684,0.000947432248779141,0.900657654632445,0
2,41,1.11692657866626,0.0632873468390548,0.62376141328644,0.000479267488897499,1.2278392761601,0
3,41,1.07424150018285,0.142081769747488,0.555906389879334,0.000998820159809242,0.766656199968681,0
1,42,0.983296276413576,0.0684208753158549,0.556323723005417,0.000844153234652697,0.724491482327297,0
2,42,1.17068755524481,0.0608455748744456,0.557497473704438,0.0010734642137447,0.819663184563944,0
3,42,1.3026460084966,0.0703437918307165,0.611704666899364,0.000574333821980991,0.854070606510352,0
1,43,1.01770745413705,0.0797114357289492,0.578331694250206,0.000811285656944126,0.835156247457835,0
2,43,0.981486739050867,0.0838765819831441,0.655595791031955,0.000957697171832578,0.946096718496252,0
3,43,0.953781725134115,0.111087357819153,0.609419531175786,0.000799052226801368,0.763648096937602,0
1,44,1.16087858853363,0.0333283166418477,0.620560777781901,0.00112636912626862,0.520776112368904,0
2,44,1.24776311951494,0.0261936324390341,0.565303674066941,0.000926025649428196,0.567812810862303,0
3,44,1.2083478212468,0.031539547347234,0.684901025113365,0.000653290514629063,0.602815528350931,0
1,45,1.22783030092927,0.0933968781393131,0.592077324445801,0.000303546783267647,1.1207891309035,0
2,45,1.08778239903532,0.0863700293901894,0.544757569246944,0.000514765557850552,1.04092581072554,0
3,45,0.935647648863473,0.120833589371604,0.529902277016573,0.000861431102318794,0.880458682077681,0
1,46,1.10121096031937,0.0402294629889473,0.659138001003686,0.000829725946252182,1.1809215599585,0
2,46,0.898954124459908,0.0646817933548719,0.589893780376673,0.000874542552503233,0.862267013441441,0
3,46,0.942314936856371,0.0688168743798344,0.643495707647267,0.000408716815070979,0.952357037912295,0
1,47,1.11468421175689,0.101925972073493,0.598241651519519,0.000398076394884088,0.987177375541862,0
2,47,1.20305068354722,0.109070794182752,0.665399782461037,0.00131778119905689,1.0872983660965,0
3,47,0.942320927355728,0.148669250353242,0.55924673103403,0.00077987080181188,0.812007012311258,0
1,48,1.21166110609471,0.0679410935692856,0.67626250544558,0.000556927545514476,0.818399222668606,0
2,48,1.08889534393368,0.0429477266582127,0.524416812859954,0.000856166858496742,0.789688043498286,0
3,48,1.0859556474555,0.0679518505059658,0.639610692341804,0.00102089012739485,0.756659625341938,0
1,49,1.10504724101873,0.0995856136661788,0.55708348854923,0.000774446716230425,0.679351576712257,0
2,49,1.03031935746429,0.0659920885407521,0.658465508840554,0.000640958635968464,0.860343927967038,0
3,49,1.15155128978546,0.0849171387346324,0.640817436142222,0.000893179399870522,0.786759083754755,0
1,50,1.18838620682748,0.0677205223895099,0.565264872653878,0.00106904931097517,0.961737493251148,0
2,50,1.0408426272462,0.123029151290134,0.561899450803124,0.000852974259407387,0.725650317471342,0
3,50,1.10465233655282,0.0860170211633174,0.588447643681259,0.00120886192605529,0.847431930439616,0
1,51,1.20281774747713,0.0364441299856839,0.5960462836277,0.00083050988314476,0.723562358058908,0
2,51,0.922159585193574,0.0460241085030558,0.6216315766241,0.000412408398086108,0.594856661919629,0
3,51,1.1203569173589,0.0316610803344753,0.623468287028784,0.000431237421442763,0.784724797435493,0
1,52,1.05905080568111,0.0995227749952246,0.611305330165978,0.00143467491529872,0.785908097774215,0
2,52,1.06274430487072,0.084019304916404,0.658234894558892,0.00229065082853022,0.831953704034607,0
3,52,1.03157903178262,0.0637506698821831,0.524865509310493,0.000747158108059597,0.814801496225101,0
1,53,0.906014498575755,0.0698796727509842,0.634516873199095,0.00224431705558413,0.980159971633518,0
2,53,1.09285795805994,0.0962735805415438,0.607186400374032,0.000803581964193913,0.895797958160907,0
3,53,0.976898729407124,0.0796834067612104,0.595581144392028,0.000931975368399216,0.925061491738813,0
1,54,0.900511385877301,0.0263470435822365,0.72645435824267,0.000635889801066209,0.691457481305204,0
2,54,0.843576906339581,0.0425258952053889,0.639025994669932,0.000341527638058707,0.60613137970791,0
3,54,0.973322023858076,0.031656704305475,0.667602801729601,0.00105739918406681,0.681432677008022,0
1,55,0.825284849442707,0.0711504862887541,0.622388417592393,0.000727991182375308,0.879500571612789,0
2,55,1.14706550669481,0.0537132916261485,0.656758298062356,0.000614618922351291,1.0842287490348,0
3,55,1.16133881421266,0.0350315647170118,0.620771776785984,0.000819281462942572,1.2163128023487,0
1,56,0.874936029177712,0.0367990661831275,0.592455398330186,0.000638117710737898,0.884133431299288,0
2,56,1.02721569531725,0.030565570110743,0.588363206954194,0.000984083738904438,0.940561135576591,0
3,56,1.03110325058262,0.0253091542969084,0.550119457257166,0.00129799218596979,1.00149779603226,0
1,57,1.17753373265073,0.0487966086311384,0.613244159839219,0.000512881135372486,0.767258944010441,0
2,57,1.08319068974314,0.0453242835092871,0.624137962053194,0.000776758650804775,0.762182682152181,0
3,57,1.04630326562014,0.0409486987617379,0.611076210673193,0.000778031706642552,0.746760256888415,0
1,58,0.935054990938309,0.0318395297181304,0.608059123500475,0.00088574595515788,1.2122767577611,0
2,58,0.89170126999617,0.0425121812771027,0.670129055367444,0.000547333460732062,1.20379645618503,0
3,58,1.05967806034345,0.0358509976468752,0.588435295137431,0.000736595649471488,1.24656098971458,0
1,59,0.904073130181787,0.059241336841968,0.538385074077842,0.00101760020598406,0.575374600727031,0
2,59,0.955104672938877,0.0992117294016808,0.695430847663381,0.00103453737165052,0.59160556468313,0
3,59,0.951973481452198,0.065034047550315,0.596343726702425,0.000619627890714406,0.633931978697648,0
1,60,1.00256567438067,0.0674545173280791,0.640702906280517,0.00128210747968991,0.831589763305869,0
2,60,1.04925916228605,0.0608807624587765,0.544202005939142,0.000530350849548104,0.833568836322196,0
3,60,0.907229565232683,0.100559466927707,0.587578055298071,0.00093857095189263,0.717639244478076,0
1,61,1.09217289282434,0.0764069737834145,0.529997837839758,0.000792117903918686,1.17761283486954,0
2,61,1.034581552908,0.095360622191324,0.620826636264722,0.000771221871325932,1.15081009362993,0
3,61,1.12953380074595,0.088512632678815,0.554651597526545,0.000807031138467608,1.15879003296139,0
1,62,0.84862325986264,0.0530433615922099,0.597773568418205,0.000491603538596185,0.684096426871809,0
2,62,1.1165801612397,0.048361376384844,0.60979510643017,0.0006335005961163,0.799258135631571,0
3,62,1.09530257421918,0.036124674856088,0.588459050818856,0.000591538901107879,0.833945652907686,0
1,63,0.854109078045113,0.0605145008461678,0.625184560864001,0.000861279576718309,1.25039022711869,0
2,63,0.904386558917815,0.0554264686650591,0.604968480764179,0.00119726258722569,1.28724213366583,0
3,63,1.02308279182437,0.0709951974692337,0.555638747344964,0.000432418276560278,1.15024042526662,0
1,64,1.19265575462835,0.133387944246478,0.62983018822147,0.000492212939656438,0.704118878329595,0
2,64,1.02700902184255,0.110005146083077,0.657397753772876,0.000718926502677846,0.6966501229991,0
3,64,1.01686645889486,0.0914975704911201,0.625293047032263,0.000692223309457358,0.733484601771549,0
1,65,1.13939343377551,0.0499226279034777,0.554689113466584,0.00053741224033644,0.821202116555972,0
2,65,1.11556812821206,0.0625766487670299,0.721153829815195,0.000468336840537511,0.920399295216578,0
3,65,1.07760096075718,0.0453858125588166,0.612969927949464,0.000948933500051176,0.855009782694324,0
1,66,0.967610395992216,0.0927301562202367,0.566643427196554,0.000720281247820664,0.620137315860753,0
2,66,1.19211552900676,0.0494631115724558,0.583713066747684,0.00106371184213313,0.853502696696585,0
3,66,1.100742123586,0.112744111134359,0.682294413153502,0.000979544385398022,0.699090954232009,0
1,67,1.08716588412327,0.054393384772776,0.579160163970768,0.000777534106496997,0.897302725727975,0
2,67,1.03312400003344,0.0471275727938041,0.625407495467438,0.000821989242197461,0.956690475326368,0
3,67,1.04781101928753,0.0868422568772762,0.626563730975108,0.000899902556654552,0.76566062919067,0
1,68,0.85188438859383,0.0427931108458488,0.6351593168159,0.000766003973985673,0.867939895052054,0
2,68,0.911032014503535,0.0456081429296509,0.632902103345297,0.000780337104137857,0.878289563581053,0
3,68,1.05684985214037,0.0924701597180205,0.623475469553029,0.00128350673979468,0.777138119906204,0
1,69,1.14557834375367,0.165511257271119,0.635283260383458,0.000932986229194668,0.814706423454235,0
2,69,0.881614623595046,0.139227180169135,0.546167888191616,0.000809908406105456,0.748946726325374,0
3,69,0.957390211927193,0.206170292829446,0.622781239876172,0.00170663684020861,0.742110901417388,0
1,70,0.898948092706609,0.08579377511766,0.655213748588876,0.000622184812580665,0.988855194566357,0
2,70,1.06446169889702,0.113833883378553,0.657342573571883,0.000752014436328704,1.09043381890543,0
3,70,0.810117426233301,0.0889905262022388,0.548049332460843,0.00117408385991017,0.952639898025647,0
1,71,1.11945005998605,0.0441272779932003,0.621790863708163,0.000447675707313655,0.672423834975375,0
2,71,1.28754589248539,0.0486181134252049,0.608068351509335,0.000655628337953348,0.688609510129805,0
3,71,0.935408419952478,0.0615575195372572,0.654962039263779,0.00233724460382347,0.590130734716364,0
1,72,1.02566703266954,0.27363049435028,0.541110973224516,0.000530864394134263,0.76358348407652,0
2,72,1.13197872344913,0.177586030969777,0.748836206173954,0.000868897936768353,1.02738052830901,0
3,72,1.04061542345498,0.203959355605088,0.623414126377424,0.000893107432784178,0.837290368739907,0
1,73,1.08153625166392,0.0875509218528907,0.611266083617833,0.000737560204850039,0.765076207558293,0
2,73,0.982832030448946,0.0763812482066741,0.644446551816355,0.000892483605555945,0.748983282693736,0
3,73,0.966173085036807,0.0953857618844766,0.649943455029462,0.00162929281030381,0.734653057650671,0
1,74,0.966065275719009,0.0858958170050011,0.660667410457808,0.000784833441793512,0.964220228606563,0
2,74,0.976521188365896,0.0915147121070263,0.638507711742352,0.00175100615932741,0.876520293161832,0
3,74,1.10662186484171,0.0616798057091359,0.586159142041158,0.000691522997461687,1.04043593703922,0
1,75,1.10869370503233,0.0294516548249761,0.579494999200644,0.000364914552733317,0.676772651405014,0
2,75,1.15227773620372,0.0403695415187309,0.638491738507057,0.00111626745967748,0.674083528023785,0
3,75,0.942524986448082,0.0394729551600326,0.695146948316839,0.000534331948206885,0.605311311968797,0
1,76,1.08077329160441,0.049246449286701,0.632517684119384,0.0010493178484988,0.784487199932745,0
2,76,0.93443562878052,0.0467121220563554,0.557982791153871,0.00177490412685998,0.68609113034548,0
3,76,1.1497155181462,0.0410821349345703,0.582523741912517,0.000591874117984772,0.817192269586142,0
1,77,0.863309167641237,0.0755661782633011,0.711433280749827,0.000821050064071685,0.811001341231829,0
2,77,0.778418404737415,0.0759077255145839,0.643969975367148,0.000585571064136822,0.760377538439892,0
3,77,1.15060444952344,0.0750362041030656,0.611929997795854,0.000421518755055269,0.869225021696432,0
1,78,0.938817213466526,0.106686534808384,0.658833552929896,0.00130059461425803,0.919617800341943,0
2,78,0.780270835980805,0.0756493625077291,0.495594198522248,0.00095335100464284,0.80877359365075,0
3,78,1.03873351374114,0.0890785191617379,0.608172885791839,0.00109850532362066,0.968544071722334,0
1,79,1.0468968983248,0.068585392953903,0.559693305651776,0.000720126803896222,0.773527407015365,0
2,79,0.979871157840504,0.0592567950394158,0.496071481841992,0.000698062175828205,0.763278065882517,0
3,79,0.943512409535908,0.0632939986643481,0.611534097184502,0.000798642082042255,0.82945149231116,0
1,80,1.28030277784563,0.0907264019160523,0.510170301291298,0.000871793021947717,0.716498368658371,0
2,80,1.01901901541755,0.0825141544912261,0.631938331860373,0.00124154694422474,0.813306783012584,0
3,80,0.889849951746956,0.0919297385013705,0.567916065706134,0.00135618907724692,0.68378266705654,0
1,81,0.951598039472799,0.0562279840591223,0.612153758266915,0.00100672375689536,0.744862000731738,0
2,81,1.3295773295361,0.051313492426733,0.584575894786121,0.000551378729458081,0.862214453099923,0
3,81,1.21011473596514,0.0538390399310806,0.584842743802564,0.0012095691635882,0.80073110891465,0
1,82,0.98124213966596,0.0430921186117599,0.49907302117312,0.000861084730264994,0.653456052752837,0
2,82,1.07949417240727,0.104141295592342,0.647139066299374,0.000956657153746438,0.612760018394485,0
3,82,1.1151111280955,0.0491359783014413,0.542757359597846,0.00138348267025192,0.733169966964756,0
1,83,1.13617933733997,0.0909297683767547,0.59961544602868,0.000853458821900124,0.938178944952026,0
2,83,1.14597960808832,0.0908496016459496,0.580977610693005,0.00109066126112249,0.831975291393495,0
3,83,0.972775366388659,0.0657425540448896,0.582535909237352,0.000702506730638769,0.92011931747751,0
1,84,1.42518962120063,0.115674747945268,0.539803225821472,0.000597195405655825,1.06331560233583,0
2,84,1.14913357653057,0.0951759154096783,0.649763848999324,0.00192952552620045,1.17811512126192,0
3,84,1.06472352312016,0.151152480950465,0.566106193128019,0.000959168519654374,0.918254229869853,0
1,85,1.07158550476363,0.085113511191901,0.60452884176104,0.000461235942142306,1.09574481842915,0
2,85,1.1418134440336,0.0926711558375538,0.56425629611116,0.000719260626738226,1.00989245879499,0
3,85,0.989770577314527,0.0651573199493547,0.566934398886993,0.00128284057223838,1.10035502552543,0
1,86,1.11549444796736,0.0647617900043259,0.523692002996936,0.000568843784069671,0.816043244739026,0
2,86,1.11352865574502,0.0928116631278253,0.599873436217003,0.000673649081930175,0.777083553188506,0
3,86,1.3082216993233,0.0651566440796656,0.608124610036533,0.00121624171092177,0.943060453603515,0
1,87,1.05172343179113,0.108268880748041,0.519911072091255,0.000857493342633892,0.920391154868415,0
2,87,1.26996176906248,0.0745228134186415,0.548022798858888,0.000519654796397319,1.17202377275979,0
3,87,1.35739165545797,0.103658476715085,0.574750080394985,0.000620162753175746,1.07361609254767,0
1,88,1.19531450060912,0.0519565291580067,0.667347534173196,0.000703877116256244,0.551346853252546,0
2,88,1.34193806760893,0.025858719242819,0.629252779948303,0.000582443588719217,0.67868194794872,0
3,88,1.06858469019473,0.0335417121437354,0.66926463992341,0.000489200498771985,0.595605554714349,0
1,89,1.13352540595204,0.0890967621191741,0.571653610104378,0.000516981720872475,0.760679890353559,0
2,89,1.06818405092839,0.0609480495057983,0.568787345556861,0.0009971231956147,0.803749080568915,0
3,89,1.18581483682557,0.11046387032748,0.512038482456288,0.000845189543809923,0.66013965138129,0
1,90,1.11765721135922,0.0547305484972632,0.564604729484312,0.000584496994038729,0.611686392850616,0
2,90,1.44738932287153,0.0613978682821925,0.682330188231205,0.000906250804493147,0.688688118292859,0
3,90,1.26786050417251,0.0579046514824581,0.598564271567519,0.000778693865720597,0.633447344587525,0
1,91,0.963266333259508,0.0324338197992051,0.611151982391411,0.00120224990758595,1.18108850590431,0
2,91,0.872861032134359,0.0395579320066896,0.635253620314429,0.00122489538745125,1.13082959362486,0
3,91,0.876024249451889,0.0364600024748019,0.535577875784953,0.0011113581656706,1.0189134973395,0
1,92,1.18800114277641,0.0968965875973128,0.611377806947432,0.00115719387203404,0.860573212705149,0
2,92,1.06490493420341,0.0647461355613687,0.544221747857669,0.00145581857359023,0.9266384139683,0
3,92,1.12644618304339,0.0917425470943926,0.588136325609075,0.000870809565300723,0.869867407886578,0
1,93,1.22256044581803,0.0757186657817737,0.526723020222769,0.000713891981187911,0.842939717994043,0
2,93,1.07623049661194,0.0722569506237755,0.583484325599733,0.00111728220227476,0.906428630860581,0
3,93,1.00565380627542,0.0949313090388673,0.67807685220009,0.000634670418173686,0.916681170728152,0
1,94,1.26560716606873,0.0779183653644693,0.632015838388407,0.0018799399005981,1.36034327759202,0
2,94,1.06701142343766,0.102358364028904,0.621250419379144,0.00101478309489924,1.19391123740718,0
3,94,1.19654293540687,0.113865717292329,0.65704984611239,0.000727062752136099,1.23228388901772,0
1,95,1.09254462246993,0.0809626080449392,0.629489192709218,0.000429618012291268,0.767513603513108,0
2,95,1.21816892054386,0.0658079177672237,0.633584195872919,0.000741788317907958,0.783580590502159,0
3,95,1.19451087249163,0.0722952708342003,0.611236862272347,0.000417189918820874,0.817055545495543,0
1,96,1.0996201094434,0.162153422654556,0.567234479719909,0.000797492155513933,1.06000433091754,0
2,96,0.929994480421159,0.13612569141854,0.510164585893753,0.000549786612808744,1.01602566824256,0
3,96,1.10760674805307,0.137859825829228,0.596849002417139,0.00128327295873178,1.14307487341263,0
1,97,0.973795315561291,0.142377836792319,0.621388995650311,0.000698364696116154,1.22800812396629,0
2,97,1.0986708163412,0.175401817184559,0.572302617393372,0.00130492838125891,1.16285653927264,0
3,97,1.17551499342537,0.218133901232598,0.524991145728756,0.000614191771467603,1.0414477986472,0
1,98,1.02497363063795,0.154416712663447,0.541731985477336,0.000512899439180158,1.22066346828359,0
2,98,0.925695658891607,0.141163722092021,0.594925217580342,0.00178872875528739,1.35140745946531,0
3,98,0.911952674832169,0.13496483710641,0.561189210944322,0.00100425867106531,1.28505643340098,0
1,99,1.10292103800618,0.0813005514750433,0.539955079328914,0.000460103899384435,0.704957185258156,0
2,99,1.02488060469076,0.095867854469713,0.569225489810301,0.00108602144606334,0.673785042920301,0
3,99,1.16323308813395,0.0700063453590622,0.558153615610093,0.000336388394427223,0.800372366048842,0
1,100,0.99984854670764,0.169377244569742,0.677414207783345,0.00130929271501444,0.81842572578183,0
2,100,1.02294285182493,0.140448616165719,0.638916789643925,0.00039696292390035,0.83945662158715,0
3,100,0.995594123083749,0.119273842241625,0.670590817707763,0.00138678820504875,0.870563271016255,0
1,101,0.994487186949322,0.077824332498301,0.283766081069682,0.00290098744432729,1.01637461278524,1
2,101,1.09471473105205,0.0851996745687143,0.322656914867192,0.0039248341455943,1.05005183908459,1
3,101,1.35926797003587,0.0862249673040856,0.28624065411666,0.00306101833611832,1.13211013441342,1
1,102,1.22427799994231,0.03691088505866,0.315036038043222,0.00502816846871577,1.1487581233694,1
2,102,1.03354092066487,0.0415570435517965,0.269677145202793,0.00207228398265569,1.0102738437715,1
3,102,1.06984541972832,0.0400322683583765,0.262502676427251,0.00286826800886428,0.986151613120863,1
1,103,1.01821468004375,0.0587054212557379,0.333166153817099,0.00267614748578266,0.818407279950764,1
2,103,0.962931283488727,0.0646345778963485,0.32323798383248,0.00280410285720127,0.716444338752334,1
3,103,0.844708589517897,0.0539907146822513,0.326555519790222,0.00588577780243912,0.690673374490615,1
1,104,1.03276976618086,0.0554474148008715,0.299795003906668,0.0032399586463607,0.965709132590962,1
2,104,1.27033510026807,0.0517866345609154,0.325090081660154,0.00623574515784092,1.12174493648324,1
3,104,1.07287646794618,0.0725277268895607,0.288256411821307,0.00421173343649172,0.867101958174896,1
1,105,1.30703299040074,0.0333254630169915,0.352831849558144,0.00322388497418581,1.05533617139051,1
2,105,1.31640253691864,0.0295529752495053,0.25898200746623,0.00362274697021078,1.01872171447483,1
3,105,1.04194453097481,0.0343033763463471,0.249143580648896,0.00342478172129486,0.788374126193295,1
1,106,1.06937359427297,0.0742945439443311,0.329909545098648,0.0039251573404851,0.875249887196086,1
2,106,1.02916806828745,0.0745183792731251,0.288842095406434,0.00491978959715306,0.813973730715102,1
3,106,0.975430522993803,0.0557409531509409,0.30243655234721,0.00503080553402217,0.957267365074633,1
1,107,1.02621163455024,0.0323835067532133,0.282517638031585,0.00374490746529618,0.9321487914026,1
2,107,0.808684810839629,0.0335249736568805,0.35821770109102,0.00263496070649406,0.866591611964247,1
3,107,1.01811613519991,0.0338145356240114,0.306811210223273,0.00594646328549924,0.895102369968631,1
1,108,0.912074635006127,0.0729437831691019,0.281332649468145,0.00409450533285035,1.07436971945734,1
2,108,0.9165860361932,0.0696182606068883,0.277140118116161,0.0046475859250379,1.06981489087485,1
3,108,0.900091221988271,0.0611076920262493,0.268174305928358,0.00659863524181477,1.13184844049923,1
1,109,1.28879408063869,0.0818623798406591,0.265681514060191,0.00185814909667954,0.498407718943681,1
2,109,1.28920130626508,0.0884815494194072,0.300751614667263,0.00358451482413533,0.489800483377462,1
3,109,1.13641667432893,0.075384286906846,0.25808080794683,0.00189097326873482,0.488630495319511,1
1,110,0.907056372068138,0.061978549423454,0.253132556058697,0.00486902709735476,0.813865469804353,1
2,110,1.24172467522362,0.0722045880742656,0.303355088654082,0.00272829647043119,0.950167834286618,1
3,110,0.820896453866438,0.0708392006876432,0.292518661627687,0.00252643781764479,0.796094311231747,1
1,111,1.14283555344514,0.10370644951114,0.281494219509657,0.00252140068237432,0.720430142468054,1
2,111,0.92554914371837,0.102473670802775,0.276420489890189,0.00697075477147576,0.62215810603305,1
3,111,1.13660131480218,0.109141231661633,0.291883974016223,0.00387179468157422,0.691813539977706,1
1,112,1.00553230949777,0.0334965885253711,0.317669875817663,0.0043546315321546,0.986050564990114,1
2,112,0.90792425175837,0.0330051180823448,0.275109610987181,0.0022320008505407,0.889082307154094,1
3,112,1.08864542990323,0.0333149629178293,0.330529900419971,0.00336806500331893,1.03541003857827,1
1,113,1.30054168943156,0.0522517505312352,0.262605403012128,0.00421532091195807,0.794562115408549,1
2,113,1.07411254404742,0.0552814520973665,0.271803217066746,0.00509645527007799,0.730318332475692,1
3,113,1.17521398203451,0.0585616749791892,0.29078292836173,0.00749432969042688,0.708746804663342,1
1,114,0.879744715610176,0.0454028402046257,0.301819956226041,0.00160888999438823,0.988943319891322,1
2,114,0.930969786458531,0.052011416144121,0.299130575586323,0.00286386003494811,0.955584168604469,1
3,114,1.04403331771852,0.0505948264707924,0.308507403659291,0.00332675718099006,0.984950353163083,1
1,115,1.0713150627306,0.0198829443457591,0.312597424927192,0.00432521668416154,0.747554937907104,1
2,115,1.0223564994621,0.0199243644216074,0.286828530149961,0.00553097433118167,0.716306806667957,1
3,115,1.24300658033623,0.0209991940895948,0.274334458329173,0.00216196275955649,0.79928208971259,1
1,116,1.21955259850922,0.0747090063238149,0.26685538184708,0.00205376861947082,0.607824841672195,1
2,116,1.13476664530293,0.0610307596871148,0.289808254073649,0.00199186716384513,0.68180606444476,1
3,116,1.25926267438486,0.0695279090328778,0.339789616818842,0.00657251370437016,0.679035647363843,1
1,117,0.94550294735605,0.0755047161670224,0.275426191850417,0.00304661414412518,0.993482431222246,1
2,117,1.06445519252827,0.0826003075720116,0.28122647406208,0.00284331600085367,1.00933509460045,1
3,117,1.09057770718396,0.0776361927046524,0.288172448421356,0.00305225047148861,1.10020615194322,1
1,118,0.972976170485142,0.0958534909627147,0.347715503749461,0.00377838853199794,1.01215409030012,1
2,118,1.1498679252201,0.0536307417157643,0.262567322184277,0.00365749879337786,1.30382861438733,1
3,118,1.06320453366053,0.113912156519889,0.390590518309025,0.00179665911248621,1.12209689732205,1
1,119,1.06543765696228,0.12526140458134,0.325962064676668,0.0044753798682492,1.21451040357128,1
2,119,0.98485155841005,0.0877970376652719,0.304708447431642,0.00306602716849126,1.3663648290521,1
3,119,0.871545944089841,0.115271698809133,0.280967832977249,0.00162425368621432,1.11444834737534,1
1,120,1.09055412057325,0.0295779702347143,0.326460366059009,0.00671173268295301,1.00426019614264,1
2,120,1.09222828283073,0.0339913945853778,0.33520044203149,0.00305306762360039,1.00856294051582,1
3,120,1.0899470250624,0.0257961962012793,0.234795421543039,0.00824958144616335,0.937301150784514,1
1,121,0.996015833545086,0.0391228492066523,0.292992705173989,0.00300854776518199,0.795631279909966,1
2,121,0.909167029165298,0.039665727943649,0.350730161527737,0.00242462875190271,0.826768717135885,1
3,121,1.32321238488628,0.0427501754172602,0.31232322803981,0.00416301483591428,0.919285207578342,1
1,122,1.0471819078575,0.0252382352917184,0.337351026883842,0.00894533044744243,1.12315506075011,1
2,122,0.961033649453392,0.0323773774223193,0.266311590035682,0.00297981195162863,0.96918635167868,1
3,122,1.07681149396977,0.0337207544243681,0.334368041037123,0.00250957505056018,1.0741850116615,1
1,123,0.970383187452023,0.0989275931370908,0.263310020335222,0.00366828834403298,1.16675495347606,1
2,123,1.17318515847516,0.11799391464454,0.304249826287606,0.00401165311915486,1.22974827875348,1
3,123,1.02356249444729,0.115544015449927,0.291440285584908,0.00304950553890967,1.13789759873883,1
1,124,1.12681444476664,0.0678977024783149,0.270898563253382,0.00711747853592852,0.539299505731134,1
2,124,1.28767999844184,0.0839367787982008,0.337174722069247,0.00427666948770496,0.607441995701198,1
3,124,0.9802114376681,0.0997306986329794,0.294159332408723,0.00487624007899376,0.47048505261675,1
1,125,0.810865862376688,0.0273442784909626,0.289138741195492,0.00350677599832506,0.651694768353628,1
2,125,1.13368279008463,0.0337605697020407,0.278671076096183,0.00362633085358142,0.747485387437099,1
3,125,0.973683944586727,0.0350278115630051,0.309466440931518,0.00278563529470823,0.668411574035754,1
1,126,1.15467045208167,0.0524643966147721,0.292520773563757,0.00387982726160975,0.759219652691234,1
2,126,1.08992840794522,0.050432190833864,0.26820592455717,0.003975042981537,0.73540649667803,1
3,126,1.21114974923104,0.0601575508077004,0.252213968283781,0.00307343154614305,0.700776998713138,1
1,127,1.10580254016953,0.0771796530297748,0.283555205980231,0.00280840940433657,0.827841371593763,1
2,127,1.07231068692696,0.0733438227504519,0.248905699956276,0.00493099750337225,0.767476796508018,1
3,127,0.951749134638412,0.103441445559285,0.294702408520603,0.00381972013104957,0.668378965582996,1
1,128,1.13521735193551,0.0415967586209545,0.287086961193998,0.0047914794630502,1.14483400725844,1
2,128,1.05881307696471,0.0419029965128248,0.311218851890686,0.00501250381397497,1.16972492660682,1
3,128,0.927400965249342,0.0447066464412293,0.315982165892081,0.00502544385772593,1.0069387683575,1
1,129,1.04670751376888,0.0548782929928005,0.335382977542835,0.00271309790455055,0.588883355505638,1
2,129,1.25123445576744,0.0455593662017537,0.321610624508853,0.00502938830164562,0.678153215365746,1
3,129,1.03266898305084,0.0438482623032155,0.313161209220789,0.0052995129665368,0.627050791696375,1
1,130,1.02480014149141,0.0385198543172199,0.304174582122699,0.00311166978892325,1.01661415134216,1
2,130,0.926285178515419,0.032712957838124,0.264040876018999,0.00495754643415751,0.988292262299952,1
3,130,0.900881796190376,0.0320004134955374,0.283141371549092,0.00356228102014781,0.93458271507574,1
1,131,1.03862418637056,0.0988069265795091,0.266206228079356,0.0023807347273874,1.01754066130061,1
2,131,1.08179214965985,0.107163751785101,0.302868732545061,0.0060533881332108,0.973909884218386,1
3,131,1.06405363143214,0.0875635987096467,0.316385162510871,0.00626316195454914,1.11868205271512,1
1,132,1.03913190360749,0.0457579967188396,0.29175245338541,0.00427857782840495,0.983303693191452,1
2,132,1.19555306757589,0.0451744490090406,0.289308420094346,0.00453424699460375,1.05425434680321,1
3,132,1.14598387097963,0.0501464488970203,0.277804487171871,0.00662753918189302,0.944080871388509,1
1,133,1.05058603588289,0.0649545870637935,0.256921375704854,0.00441287104398049,1.34770275860932,1
2,133,0.82954872137967,0.0649878335398576,0.254929187938127,0.0050895314521297,1.17085021312182,1
3,133,0.98138245709005,0.103594774964197,0.267537594005058,0.00254238371760671,1.0738416398871,1
1,134,1.22894938099347,0.0592309809136864,0.300296656868399,0.00285467202455662,1.25200050047185,1
2,134,1.28830902276704,0.0678833805599562,0.35243954888288,0.00471349557276803,1.28888101623818,1
3,134,0.936069887108408,0.0680135153140027,0.290530180220825,0.00310451919280279,1.0393519036599,1
1,135,1.29015782504139,0.0294824714046011,0.342529630497771,0.00253268056660981,1.00593791981006,1
2,135,1.25687347274214,0.0277910552617297,0.244966416776101,0.00419001640579322,0.91493815791139,1
3,135,0.921996559975799,0.0392042505119581,0.298364977321131,0.00278647951905175,0.708330974243606,1
1,136,1.17853093553947,0.106351904507798,0.346074719222634,0.00443072303994153,1.04838705653902,1
2,136,0.963595892925439,0.0803030918077243,0.289311045328857,0.00446476773670076,0.971987538404038,1
3,136,1.24871953672756,0.0904642061404582,0.32552796292486,0.00333328380837028,1.15795574441263,1
1,137,1.08293889783628,0.0480813589314362,0.302468503189102,0.00311757823393012,0.895845788070514,1
2,137,1.08138078405209,0.0554651335415663,0.292653180520803,0.003152942007473,0.798267896980435,1
3,137,0.997595523941547,0.0450136308680494,0.32630635114217,0.003959873743223,0.906245582074293,1
1,138,1.41578628969952,0.0836156363271953,0.328270798658408,0.00514200334876086,0.79856886256727,1
2,138,1.10676192386805,0.0941414227238404,0.288940012497078,0.00577573418575472,0.637646663962837,1
3,138,1.55124097323849,0.0833470678798026,0.264270098451569,0.00368420422556822,0.74464233729496,1
1,139,1.00989849525446,0.102511803655678,0.290134618357095,0.00445598450341673,0.874082899814799,1
2,139,0.951880583629337,0.0727800984932849,0.302474851046065,0.00870875036678169,1.04961384390363,1
3,139,1.44847567637269,0.128831598235011,0.308022606905583,0.00346900178007981,0.98217668763356,1
1,140,0.873070773122662,0.0395376124764694,0.284486457199202,0.00386876872210729,0.944413651879307,1
2,140,1.02022497171177,0.0407843839793768,0.31029469383163,0.00523170265714431,1.04785946378288,1
3,140,0.894409861456732,0.0417802157159841,0.315944675130572,0.00166977390346614,1.05544421915991,1
1,141,1.14990766077161,0.0836863691391611,0.302245789016698,0.00301772715540545,0.998030334223666,1
2,141,0.989849610838932,0.0857473576480424,0.283070107743667,0.00512808635276974,0.896680258658258,1
3,141,0.978059996898068,0.0829477688003473,0.308552171059917,0.0110531137856438,0.93990126145744,1
1,142,0.861361892625344,0.035837198256053,0.311631817190518,0.00344244697172126,0.739359618180385,1
2,142,0.857224771776678,0.0365502747359829,0.289696032723438,0.00215131056218317,0.734750383556094,1
3,142,0.870857967173348,0.025830317208993,0.278107131319641,0.00702104507062023,0.770425005004268,1
1,143,1.3236051843104,0.0217645279175974,0.267517526638334,0.00589888507464035,0.857362488601691,1
2,143,1.1829903110306,0.0225674627757348,0.288756378405806,0.00250300661093336,0.873149844304834,1
3,143,1.23053675248777,0.02535757007438,0.261406183939585,0.00429683096339923,0.823349365263499,1
1,144,1.03493987031761,0.080761803714521,0.306161645743698,0.00373081996999775,0.912161779006622,1
2,144,1.11179625354252,0.0648369395007889,0.296785897848823,0.004770178319271,0.92917064513593,1
3,144,1.17438990184035,0.0733955164114108,0.305579232277014,0.00197938428442602,0.93790557825159,1
1,145,1.0839823875626,0.0225998050710044,0.288415624212836,0.00341234515657845,0.967017641813968,1
2,145,0.948136983994947,0.0256287085060351,0.323368399604838,0.00564668170525844,0.880392036380413,1
3,145,0.963309396260223,0.0211570498280584,0.298725565614024,0.00252389452905067,0.950115076072996,1
1,146,1.16164346625998,0.0904662346282674,0.29265176854316,0.00155928830063605,1.05706576181186,1
2,146,0.938590432238208,0.0721008342519252,0.269896559501831,0.00475786520037592,0.999033148727905,1
3,146,1.15200201475108,0.0744483603166497,0.297592675224268,0.00796594738146409,1.12661835631998,1
1,147,1.03798705014264,0.0388610350722625,0.281710716465033,0.00395720238616546,1.49979938607861,1
2,147,1.15352637954585,0.0549531695680018,0.332964951799174,0.00522220211035753,1.30969708169934,1
3,147,0.984059550597829,0.0621582892975476,0.320986392698964,0.00272771568011134,1.23250701178594,1
1,148,1.16019268517982,0.101571208667763,0.275292531241006,0.00445456740619074,0.935715414311597,1
2,148,1.11692920723171,0.0943643162126279,0.319379680451796,0.00618501777809641,1.01846101179298,1
3,148,1.15949271181521,0.0988245892517761,0.272613587373581,0.00303395300680348,1.02827635010441,1
1,149,1.05856409977048,0.0294141933531555,0.294870308127932,0.00950135796321929,0.764485553337281,1
2,149,1.23185595337319,0.0376979279092198,0.333571624221919,0.00221566471062628,0.827538395212213,1
3,149,1.01064479080767,0.0369943974805369,0.290112961757161,0.00279640255775963,0.691798620774124,1
1,150,1.11548121695884,0.0326621005389313,0.265638352402118,0.00314199988108717,0.797682988966712,1
2,150,0.974558547552456,0.045248376226483,0.315536472142653,0.00297798276439277,0.683588522372409,1
3,150,1.02117596637857,0.0376690915775436,0.295924192000534,0.00627237068146853,0.700647135637308,1
1,151,1.52950062676373,0.0499731826878377,0.297359038214212,0.00229893704780123,0.748278334566701,1
2,151,1.1266670190335,0.0585796130858664,0.337200995418743,0.00226605142433065,0.567205930803345,1
3,151,0.959485518427522,0.0493789579013706,0.301327242202839,0.0047499285206738,0.565516277567212,1
1,152,1.0004900499647,0.0472486828771965,0.315390989077522,0.00421902803922804,1.03430219177576,1
2,152,0.848071484200074,0.0477763157554256,0.306955534446546,0.00378294780459052,0.938773350011954,1
3,152,0.941437093875349,0.0473614170767288,0.29951081761199,0.00380125714827264,0.942634862530121,1
1,153,1.01968999980854,0.0779380598435438,0.296806204186551,0.00292488095873831,0.560433529541397,1
2,153,1.00735229666834,0.0668314258520296,0.328926207619981,0.00265651796165823,0.616487489473198,1
3,153,1.23242243417702,0.0582798694600118,0.259864198186915,0.0041778121470146,0.628673050915284,1
1,154,1.39548784121955,0.0349077701509243,0.330878075622136,0.00263509007244143,1.13115619228946,1
2,154,1.13370898015675,0.0433130691970401,0.299019385557785,0.00428071216147338,0.898496625555821,1
3,154,1.03961292374083,0.0370823921438946,0.257794910721331,0.00581283943654979,0.868880882419907,1
1,155,1.11609929856691,0.0320982088515092,0.278832492290608,0.00277577241089779,0.917977176992568,1
2,155,1.05080873146952,0.0237380778691886,0.356959438571566,0.0099041200247943,1.04458826641734,1
3,155,1.07430372107984,0.0286866050649578,0.292951359731608,0.00317460205512108,0.985839710624193,1
1,156,0.964213578284382,0.0418508088609256,0.317385976774854,0.00325601401284446,0.814551876452007,1
2,156,1.05534403562573,0.0336142234197104,0.279805422984625,0.00341298938560438,0.866043247594253,1
3,156,1.07641385220332,0.0295261970098554,0.262943338405353,0.00333430755798745,0.908974970212515,1
1,157,1.27659849925228,0.0593789470140979,0.280779925373569,0.00265963260990817,0.583596525822676,1
2,157,1.04555851657781,0.0544914787936156,0.299900223845009,0.00278409410525056,0.585900587741782,1
3,157,1.28888027327207,0.0542620242830581,0.259287570005115,0.00209054184898136,0.606861101268186,1
1,158,1.02359341381264,0.0525473304242062,0.31725973610696,0.00372518431721263,0.778408629610878,1
2,158,1.10428878196996,0.0413803972421292,0.293125105619506,0.00610722483739468,0.862550453109297,1
3,158,1.31527492762303,0.0422882061999346,0.283112881745065,0.00407162844973504,0.984968741153234,1
1,159,1.02945006391822,0.0340668631691225,0.290403299862044,0.00193669086481779,0.948414484284588,1
2,159,1.00265230594169,0.0306576136872299,0.278717002094303,0.00127352256428046,0.954094522829309,1
3,159,1.06176214553865,0.030765793701256,0.3435381995132,0.00958107747058982,1.03995395386457,1
1,160,0.994971131574939,0.0698374419148326,0.26665316391685,0.00593375686517867,0.712552473638321,1
2,160,1.15558487606606,0.0948216451347359,0.276116456068508,0.00322448896451064,0.666385910215978,1
3,160,1.15404890673629,0.0941849158328605,0.284395573457947,0.00515096291842785,0.676911563705605,1
1,161,1.04772402834505,0.0361938732504111,0.283250706348483,0.00430229113260359,0.864560525049079,1
2,161,1.00492644785073,0.0354389838860711,0.276805018650627,0.00755775918465818,0.767363688772581,1
3,161,1.06788316089117,0.0351703809660864,0.301201545849962,0.00389596006840985,0.888219848078293,1
1,162,1.0088460278553,0.0208851903991542,0.340650982876752,0.00605811570727701,0.615442802398773,1
2,162,1.11070352838093,0.0157566164890907,0.292811062083602,0.00342084724513082,0.664201668743208,1
3,162,1.41001690388657,0.018840885873941,0.221564464564247,0.00569283576427986,0.738998463887371,1
1,163,0.932115548247477,0.0314865700920988,0.293062355541556,0.00485773044302442,0.720413388383485,1
2,163,1.1235503308696,0.0374088548741037,0.327439753576537,0.00469514953130412,0.730583208681295,1
3,163,1.21203398458677,0.0466567737000693,0.315059269206628,0.00139561744241824,0.772845698252122,1
1,164,1.1536342776315,0.0829573132958788,0.306055766163807,0.00483371234736147,1.46685399056199,1
2,164,1.20609125195219,0.0784236920377964,0.290466948086348,0.00571473206738677,1.47958877016616,1
3,164,1.19198381004251,0.101130869113745,0.252738770899889,0.00261041644857329,1.19114784222811,1
1,165,1.19015243766777,0.028356497971005,0.254182053111613,0.00164268015506633,0.983133476321447,1
2,165,0.927351878271687,0.0229344374019416,0.251858167522781,0.00261887488209819,0.895157304721737,1
3,165,1.07284032999391,0.0272757431751638,0.276740406304505,0.00161026705268197,0.923001756583342,1
1,166,1.06811501715943,0.0602712405663504,0.318450994692509,0.0028595851421208,1.27187654894123,1
2,166,0.992608236880035,0.0478786218139491,0.275467368783792,0.00316424968488752,1.26924836023202,1
3,166,0.96731045507856,0.0583268659529296,0.320538467291656,0.0024995914843067,1.25066665829446,1
1,167,0.831322086267442,0.0460331613331993,0.256250974251624,0.00751670762430943,1.20500927320884,1
2,167,0.976135079493572,0.0458495210676444,0.325162130632187,0.00486675524712471,1.45517008897351,1
3,167,0.957434388566204,0.0518193164441176,0.301027814128349,0.0036042314364804,1.4033968459331,1
1,168,1.04233259308682,0.0580613369994817,0.303685417571468,0.0038631734605616,0.654974209619863,1
2,168,0.923063565487329,0.0557128249632939,0.297997717340153,0.00310782706860266,0.632972617052572,1
3,168,1.05098238482847,0.0477637274670923,0.324319043409722,0.004050605565267,0.747530485927027,1
1,169,1.13895642902119,0.0320682054464079,0.291060376481926,0.00252940024886895,0.971532673255967,1
2,169,0.923694603196387,0.039373191178074,0.331969694184672,0.00194810255477069,0.825549026518937,1
3,169,1.41391391147241,0.0340063527695307,0.264898642611088,0.00301254899189946,1.04407544865167,1
1,170,1.00635429736822,0.0757420000255742,0.284187233217907,0.0041757465333804,1.07552635898487,1
2,170,1.15864013047948,0.0627638214297444,0.284471528048846,0.00332947536009168,1.33808165224816,1
3,170,0.834774077051658,0.0764481878527183,0.300547666178481,0.00172828690261885,1.00391892764921,1
1,171,1.07411389476334,0.0589491274030697,0.278857123271758,0.0036884422406356,0.929766698972241,1
2,171,1.16716301600955,0.0581475727304148,0.309787160863128,0.00221462359162447,0.992490592425059,1
3,171,1.03442357205076,0.0616556313603913,0.301694785151453,0.00385748524391203,0.863822052126363,1
1,172,1.19347189913682,0.0535976962703266,0.303369200934476,0.00535455278504868,1.2857445858202,1
2,172,0.937263769171906,0.0624714887596048,0.259508439774823,0.00177943826419814,1.0807752314303,1
3,172,0.931946751911433,0.0729160248867002,0.268555754650254,0.00695763553558253,0.914297270361151,1
1,173,0.917463779889946,0.0796763845100786,0.286678788020542,0.00248788268410539,1.27076940649229,1
2,173,0.862118909835542,0.0823977580684634,0.303363471469513,0.00690531359997182,1.10600366793124,1
3,173,1.01690828421073,0.0880296187137303,0.250963784303671,0.00375776904024433,1.1306005797437,1
1,174,1.02375717754265,0.0455633729849623,0.275962723765057,0.00283404170509341,1.03791215078755,1
2,174,1.07112133482162,0.0476612554582248,0.307418036822826,0.003378354722664,1.09061393383547,1
3,174,1.14983498914192,0.0462485079528026,0.256375095928057,0.0027875844671803,1.06938765475341,1
1,175,1.07319152508221,0.114921237978149,0.278951343966088,0.00546402096045928,0.853406273497103,1
2,175,1.28020992788167,0.102656814004539,0.326241746011449,0.00783780780074731,0.970889184211128,1
3,175,1.24883304586853,0.108018331897948,0.257329070084646,0.00336312690728543,0.952803608510992,1
1,176,0.999755036800401,0.111091679735986,0.288684008004446,0.00379517942861291,0.787464561213021,1
2,176,1.05626928558542,0.100020100548156,0.316861250085218,0.00393687359148182,0.877757481398613,1
3,176,1.18543563281139,0.0884914529678875,0.282752861689715,0.00513516341845014,0.938049231566666,1
1,177,1.13468288213041,0.0503141800077487,0.286067657315872,0.00356218724331944,0.757059529867804,1
2,177,1.12625755560934,0.0432436683169163,0.264534916784029,0.00389743176088661,0.794204097630623,1
3,177,1.0533202042841,0.0454094426179314,0.32780228458115,0.00295442280248103,0.834687572880798,1
1,178,1.22341039609624,0.0423630994120334,0.261549566409602,0.00344068188821826,1.12068705315096,1
2,178,0.976902018784282,0.0511745723355065,0.292394374607528,0.00359568025959123,0.908408602933929,1
3,178,1.20467152961903,0.0673491351616014,0.280968658067969,0.00516885928238995,0.872621617206481,1
1,179,0.93244042683733,0.0643032450387923,0.352368350408731,0.0041607654853677,0.777332288594775,1
2,179,1.23315733888469,0.0602166880715077,0.279173567639185,0.00591390107888758,0.811729800846264,1
3,179,1.04155910037927,0.0661464872952361,0.332625731884634,0.00652098718723218,0.770536204160456,1
1,180,1.02273911602522,0.0473627943409926,0.29390128182914,0.00316107691914157,0.782118990511139,1
2,180,0.916346181296297,0.0391456815989847,0.285884497747068,0.00600981706322825,0.761258815444398,1
3,180,0.944769232893257,0.0462604574298955,0.272856197265634,0.00572626318829559,0.734890671759304,1
1,181,0.879361279683354,0.0331398374072664,0.308497876484711,0.00623918918754513,0.786861610795354,1
2,181,0.952612884936024,0.0340850632328348,0.318768217140269,0.00228447569469699,0.801844985240508,1
3,181,0.938938256298975,0.0318853477837783,0.270116652479529,0.00576982303859131,0.77036075558984,1
1,182,0.918192555074682,0.0468047786370858,0.268913107395746,0.00447328379712506,0.845203635468468,1
2,182,1.02439265160301,0.0547489520534222,0.277752474751728,0.00283773360020446,0.840199007570351,1
3,182,1.09121868472288,0.035642368253593,0.299100795582746,0.00467758176806834,1.0463048323904,1
1,183,1.05100729821659,0.0470382212174438,0.292430045160006,0.00246139050924472,0.851652545628598,1
2,183,0.936114855688021,0.0493148817027221,0.363871249137592,0.00344399824675543,0.89837302098079,1
3,183,1.15290802220624,0.0368654527017677,0.275825270265519,0.00679077905911041,0.943846126970634,1
1,184,1.23653101740215,0.0611996898155401,0.321443232744344,0.00547289163595871,0.678188615195176,1
2,184,1.21185441212469,0.0529345570577331,0.270919787039909,0.00442958591257863,0.664564696630566,1
3,184,1.14564988703037,0.0621658397219563,0.31013835674438,0.00643689316033142,0.635191406509238,1
1,185,0.97690464688124,0.0374642531999227,0.247684293327286,0.00487423810954505,1.01111843234054,1
2,185,1.28609353569373,0.0291378971399465,0.275536111042099,0.00384304506299918,1.43522595988614,1
3,185,0.842584311162717,0.0322112467534628,0.276324830738251,0.00302838836373837,1.04236283545318,1
1,186,0.958231004650472,0.0187865026651628,0.316915368875329,0.00662902106933379,0.832514492053305,1
2,186,1.14825178684109,0.0230406735688456,0.323077505090744,0.0046215573261991,0.943861918762834,1
3,186,1.11651054439465,0.0231909027162763,0.261448118098257,0.00391546563724004,0.868847620857609,1
1,187,1.09842137956529,0.123846536036007,0.267876144069828,0.00215167168136259,0.756564150501086,1
2,187,1.23386111330122,0.11803871255632,0.278211936045869,0.00260717260657289,0.820196282129492,1
3,187,1.01759556710967,0.115974539427531,0.260911122290409,0.00474376500572059,0.726934745919611,1
1,188,0.784781481773456,0.0669005175949959,0.279197295538828,0.00470444130760252,0.745426686242276,1
2,188,1.12710269037337,0.0523114887506663,0.29367673123024,0.00470719593328847,1.0161905293414,1
3,188,0.809808664214437,0.0926671285035251,0.330136849809452,0.00694541155203766,0.711885536430581,1
1,189,1.23068337516211,0.0451314961829729,0.283486137585992,0.00334671286768249,1.14900443409149,1
2,189,1.04660355777772,0.0399847143307693,0.253955362196132,0.00268776646619134,1.09181708781771,1
3,189,0.783319328965795,0.0317835409364906,0.340329036863833,0.00407635638903443,1.07418632967057,1
1,190,0.933637076224046,0.0506946121332219,0.296814393481402,0.00771689858230537,0.996480721434852,1
2,190,1.1897654652628,0.0718765839581385,0.292543976740605,0.0071592778359897,0.938551727850051,1
3,190,0.981951388985687,0.0798694045767285,0.331693202347199,0.00329353337433039,0.899121928193663,1
1,191,1.03579039690863,0.0244560187761053,0.324967007383645,0.00355056268795339,0.849573573964361,1
2,191,1.14491157078729,0.0261392102435685,0.291658987117143,0.00334748673022672,0.876930437968063,1
3,191,1.12328057900139,0.0240118196798701,0.336976633173784,0.00233107593192832,0.954098730857971,1
1,192,1.2371679896831,0.0390027900235161,0.305844845659804,0.00453160093802472,0.633012398487892,1
2,192,1.33238997206207,0.0316617354714882,0.281918456354526,0.00288919796181459,0.714239137985964,1
3,192,0.809192259852325,0.0339514707906797,0.303501514575341,0.00369523985074987,0.511743457754529,1
1,193,0.860657503030779,0.0461015744760336,0.296425574096359,0.00196423108416976,0.834572544793769,1
2,193,1.03664095102223,0.0444007464006918,0.27341182203974,0.00274841447471311,0.920028410011331,1
3,193,1.12026074636401,0.0384679564073359,0.245846641048702,0.00239616057460527,0.949395644835444,1
1,194,1.33107113347391,0.0416916229523542,0.313395247636993,0.00458300028676958,1.00700632798163,1
2,194,1.26350799402176,0.0347465545611352,0.291217742161849,0.0033502908834991,0.946770091856785,1
3,194,1.04714248651875,0.0560571904868528,0.322025662631107,0.00297501290182572,0.772098459233259,1
1,195,0.987494531611953,0.0608747393971058,0.292355648882587,0.0033599260179496,1.00651356842923,1
2,195,1.18086936220579,0.0546844165852312,0.283457009726945,0.00269368026045126,1.239615483942,1
3,195,1.15896556051233,0.0583340502338219,0.296406047881529,0.00434583076389902,1.16918386664711,1
1,196,0.933118679857241,0.0665142785992196,0.296104285707025,0.00562473074290343,1.11202689702359,1
2,196,0.998730102791774,0.0605577035701805,0.278270776754921,0.00300290005605582,1.10346203325443,1
3,196,1.1431838737406,0.0654192369878419,0.307639368028901,0.00140833366971994,1.25222645695209,1
1,197,0.946630614105094,0.0170970493610651,0.325697895398187,0.00257505310501071,0.64281180247118,1
2,197,1.01818798509346,0.0130828229545976,0.315970751140432,0.00369273032465527,0.72746180123341,1
3,197,1.28731163909147,0.0163491663422792,0.271737282419106,0.00347846228988963,0.751849828820666,1
1,198,1.14734479051196,0.0339049050151603,0.263144156845946,0.00286497426458459,0.7076527056708,1
2,198,1.13357083511041,0.0368501744618814,0.30643490657249,0.00382650546865602,0.686473430138905,1
3,198,1.19721534038366,0.032650168225057,0.311017200344617,0.00284832947350262,0.784841314488874,1
1,199,0.867762094864404,0.0968927912344772,0.259804857654029,0.00729080416535574,0.87781291453651,1
2,199,1.09885971547757,0.10517702861911,0.268956613546669,0.00251787330370133,1.02738404340361,1
3,199,1.04415689594312,0.0807246250078281,0.25702218295017,0.00826881230376118,1.075577917097,1
1,200,1.03068152899652,0.0364364776439543,0.315675330021916,0.00588916456079572,1.09678429632296,1
2,200,1.02997680717526,0.0453654093821297,0.315153545715329,0.00302558086595442,1.03059611534791,1
3,200,1.0749772188184,0.0465132623635012,0.299233183009505,0.0057375755960651,1.00100653446402,1
