rep,id,phiS,deltaS,phiL,deltaL,deltaA,eta_phiS,eta_deltaS,eta_phiL,eta_deltaL,eta_deltaA
1,1,-0.148928402450142,-3.33870253834662,-0.61039231673284,-5.77147301576643,0.099039275980979,-0.218215598048125,-0.516671391731252,-0.0262497589872726,3.82474292419889,0.252347822174514
1,2,-0.110139680688389,-2.30472779170063,-0.513178843404619,-7.91647033264711,-0.0911501739489721,-0.179426876286372,0.517303354914741,0.0709637143409482,1.6797456073182,0.0621583722445631
1,3,0.0228951296973727,-2.30264097727859,-0.617153009438296,-9.0344256563688,-0.317900096782173,-0.0463920659006094,0.519390169336775,-0.0330104516927288,0.561790283596512,-0.164591550588638
1,4,0.130158223369433,-2.46107063163904,-0.581345208424845,-8.39633659562382,-0.134328572249479,0.0608710277714512,0.360960514976323,0.00279734932072162,1.19987934434149,0.0189799739440561
1,5,-0.0653490351198425,-2.30144511377113,-0.567321262099088,-9.55312722289999,0.155188103942281,-0.134636230717825,0.520586032844236,0.0168212956464791,0.0430887170653236,0.308496650135816
1,6,-0.0188292218429436,-2.92824124650507,-0.643369323865846,-9.72414580780155,0.112190577273482,-0.0881164174409258,-0.106210099889699,-0.0592267661202788,-0.127929867836233,0.265499123467017
1,7,0.0433087842281212,-2.5194043176993,-0.575350558345999,-11.5347215338222,0.0131188076604391,-0.0259784113698609,0.302626828916065,0.00879199939956843,-1.93850559385693,0.166427353853974
1,8,0.104043499363218,-1.84649158699727,-0.530553725271783,-6.95008665822311,-0.111297114649327,0.0347563037652361,0.975539559618102,0.0535888324737839,2.64612928174221,0.0420114315442082
1,9,0.232085903857701,-2.32018802128707,-0.551187058280369,-11.8628123264745,-0.512759663802736,0.162798708259718,0.501843125328297,0.032955499465198,-2.26659638650922,-0.359451117609201
1,10,-0.270497805069477,-3.02567087727762,-0.527897255013287,-8.978815411015,-0.104392093392694,-0.339785000667459,-0.203639730662252,0.0562453027322799,0.617400528950316,0.0489164528008413
1,11,-0.0761462710057127,-2.019735131293,-0.682707512246667,-10.4444372977108,-0.101647313689151,-0.145433466603695,0.802296015322371,-0.0985649545010999,-0.848221357745443,0.0516612325043837
1,12,0.299823717738028,-2.8624726409395,-0.543317917165242,-11.5206444584193,-0.417915935551463,0.230536522140046,-0.0404414943241336,0.0408246405803251,-1.924428518454,-0.264607389357928
1,13,0.122116893531268,-2.98829616933662,-0.662416470608594,-7.24386816196506,-0.117795295188985,0.0528296979332861,-0.166265022721247,-0.0782739128630274,2.35234777800026,0.0355132510045499
1,14,0.0532282805928791,-2.36539917688266,-0.540505821700079,-10.6833301820394,-0.175248938575376,-0.0160589150051031,0.456631969732708,0.0436367360454881,-1.08711424207405,-0.0219403923818413
1,15,0.083322683863958,-2.85685688418135,-0.541397297756754,-8.69547742123418,0.260254442870757,0.0140354882659759,-0.0348257375659839,0.0427452599888127,0.900738518731135,0.413562989064292
1,16,-0.169171677395913,-2.22723757805948,-0.601011954863656,-10.5325146603831,-0.486262708571569,-0.238458872993896,0.594793568555885,-0.0168693971180892,-0.936298720417742,-0.332954162378034
1,17,-0.0662321119833727,-3.024325728203,-0.57648304170942,-8.14896848646015,-0.230974736783137,-0.135519307581355,-0.202294581587634,0.0076595160361469,1.44724745350516,-0.0776661905896016
1,18,0.081923809820481,-2.81654130974897,-0.660601890660311,-6.83177654615106,-0.396350010831385,0.0126366142224989,0.00548983686640181,-0.076459332914744,2.76443939381426,-0.24304146463785
1,19,0.118422428436498,-2.56642921187826,-0.51918435070183,-8.68741491826129,-0.346205131878726,0.0491352328385155,0.255601934737111,0.0649582070437367,0.908801021704022,-0.192896585685191
1,20,0.101851890437659,-2.1603370444474,-0.592406640459098,-10.2890380367789,-0.228772916199646,0.0325646948396772,0.661694102167972,-0.00826408271353107,-0.692822096813558,-0.0754643700061104
1,21,0.255919987677131,-3.11581814166489,-0.588736876970393,-8.36928621062022,-0.446271991913756,0.186632792079149,-0.293786995049522,-0.00459431922482623,1.2269297293451,-0.292963445720221
1,22,-0.172275549513038,-2.64178999433631,-0.529532801806623,-6.05641645595172,0.05258920405672,-0.24156274511102,0.180241152279055,0.0546097559389437,3.53979948401359,0.205897750250255
1,23,-0.0593932340385873,-2.07178337708473,-0.572897972667735,-8.18903409905219,-0.331934216574627,-0.128680429636569,0.750247769530643,0.0112445850778322,1.40718184091312,-0.178625670381091
1,24,-0.0783721600514659,-2.08407699313499,-0.492275256752296,-8.86522515879279,-0.088554678134827,-0.147659355649448,0.737954153480378,0.091867300993271,0.730990781172524,0.0647538680587083
1,25,-0.0972620884995919,-2.24768235307488,-0.567661357162712,-9.72271342224086,-0.379132474747114,-0.166549284097574,0.574348793540485,0.0164812005828547,-0.126497482275544,-0.225823928553579
1,26,0.0492425521824968,-3.68929074189631,-0.579357549139484,-9.26172231968165,-0.24349359147021,-0.0200446434154854,-0.867259595280944,0.00478500860608322,0.334493620283663,-0.0901850452766749
1,27,-0.0484262166975186,-2.22655962498793,-0.635835793742959,-11.0004627306579,-0.311178496819997,-0.117713412295501,0.595471521627436,-0.0516932359973918,-1.4042467906926,-0.157869950626462
1,28,-0.157647942171367,-3.18680158387392,-0.655985676688576,-10.3218241158815,-0.193256774146101,-0.226935137769349,-0.364770437258552,-0.0718431189430091,-0.725608175916193,-0.0399482279525653
1,29,0.169793859978109,-2.2898092809748,-0.644147731324144,-9.13537347599484,0.11234609668043,0.100506664380127,0.532221865640568,-0.0600051735785767,0.460842463970474,0.265654642873965
1,30,0.141133246626698,-2.94971211861342,-0.513795966067963,-9.66412379582678,-0.0399072794792074,0.0718460510287154,-0.127680971998053,0.0703465916776036,-0.0679078558614599,0.113401266714328
1,31,0.251816093107617,-3.23813004702736,-0.578967125824341,-8.4230737241382,-0.449191341675549,0.182528897509635,-0.416098900411991,0.00517543192122583,1.17314221582711,-0.295882795482014
1,32,0.106446191964359,-3.3998879581725,-0.652499956587102,-11.1115490325992,-0.271327159555523,0.0371589963663766,-0.577856811557127,-0.0683573988415347,-1.51533309263387,-0.118018613361988
1,33,0.0763509616259725,-2.15836794718615,-0.544100625914568,-9.31689035099325,-0.105413008333982,0.00706376602799039,0.663663199429213,0.0400419318309988,0.279325588972069,0.0478955378595532
1,34,-0.0467304945775034,-2.34501832222081,-0.550404982179705,-9.92901759141457,-0.0977223103744662,-0.116017690175485,0.477012824394554,0.0337375755658619,-0.332801651449252,0.055586235819069
1,35,0.222413919064529,-2.2466529432541,-0.478817724818795,-10.0262233439019,-0.0643308637653661,0.153126723466547,0.575378203361272,0.105324832926772,-0.430007403936544,0.0889776824281691
1,36,0.0935653821513967,-2.49307309330085,-0.560737511307948,-11.0140761847432,-0.157105062979164,0.0242781865534145,0.328958053314516,0.0234050464376185,-1.41786024477786,-0.00379651678562867
1,37,0.100068787151244,-1.9583249059832,-0.563957274787549,-9.66293320764578,-0.192387652270824,0.0307815915532616,0.86370624063217,0.0201852829580185,-0.0667172676804615,-0.0390791060772884
1,38,0.0171874734195916,-2.22420351735068,-0.47630768722958,-12.3687197032282,0.00750299553375909,-0.0520997221783905,0.597827629264693,0.107834870515987,-2.77250376326287,0.160811541727294
1,39,-0.0326175716291581,-3.371261181079,-0.637216131199429,-8.23920343183787,-0.0867127875252083,-0.10190476722714,-0.549230034463635,-0.0530735734538621,1.35701250812744,0.0665957586683269
1,40,0.175199815351222,-3.22425374273374,-0.5373239141602,-9.9227971983069,-0.558957889847812,0.10591261975324,-0.40222259611837,0.0468186435853675,-0.326581258341589,-0.405649343654277
1,41,-0.0567008654942295,-2.3200209406585,-0.566616758402806,-12.0470566316688,-0.106935875896711,-0.125988061092212,0.502010205956869,0.0175257993427614,-2.45084069170352,0.0463726702968239
1,42,0.235791688998579,-2.66969764058546,-0.571000478100416,-8.63100346714046,-0.225222824086241,0.166504493400597,0.152333506029905,0.0131420796451506,0.965212472824858,-0.0719142778927063
1,43,0.119096212775898,-2.61320433589537,-0.630652115856453,-9.86519366707834,-0.198324212986889,0.0498090171779158,0.208826810719998,-0.0465095581108863,-0.26897772711302,-0.0450156667933538
1,44,0.468573393413837,-3.22895448776391,-0.551978907812554,-9.97980582866895,-0.547133828552133,0.399286197815854,-0.406923341148539,0.0321636499330131,-0.383589888703639,-0.393825282358598
1,45,-0.10142437573281,-2.42666761144263,-0.701951937742594,-11.0611416133761,-0.0689880127245184,-0.170711571330792,0.395363535172736,-0.117809379997027,-1.46492567341074,0.0843205334690168
1,46,0.0963460381254963,-3.32762395753826,-0.658779106259909,-8.8493594842946,0.088737095523036,0.0270588425275142,-0.505592810922889,-0.074636548514342,0.746856455670715,0.242045641716571
1,47,-0.228564313874206,-2.37269343953377,-0.675770170412563,-9.60761509017441,-0.181719521692107,-0.297851509472188,0.449337707081599,-0.0916276126669957,-0.0113991502090922,-0.0284109754985719
1,48,0.0585093026689093,-2.98935367148525,-0.553935331656994,-10.2864033087856,-0.278903667386522,-0.0107778929290729,-0.167322524869881,0.0302072260885727,-0.690187368820238,-0.125595121192987
1,49,-0.275797119317731,-3.0132552408442,-0.492839775597545,-11.8645034202896,-0.185253292863833,-0.345084314915713,-0.191224094228829,0.0913027821480216,-2.26828748032426,-0.0319447466702983
1,50,0.242384291864881,-2.22063008406013,-0.566357985502654,-9.63358055794141,-0.190372076440047,0.173097096266899,0.601401062555234,0.0177845722429131,-0.0373646179760918,-0.037063530246512
1,51,0.216584984224899,-3.34661961284945,-0.612587964841467,-10.1622392843004,-0.32790080979442,0.147297788626917,-0.524588466234086,-0.0284454070959005,-0.5660233443351,-0.174592263600885
1,52,0.353946198647194,-2.52422360129806,-0.640541496496891,-8.14564967388089,-0.193438624419743,0.284659003049211,0.297807545317306,-0.0563989387513242,1.45056626608443,-0.0401300782262077
1,53,0.0184367521815471,-2.42957921278874,-0.483770266904674,-10.2696231501279,-0.117323983416675,-0.0508504434164351,0.392451933826625,0.100372290840893,-0.673407210162553,0.0359845627768599
1,54,-0.0157087182151382,-3.68670050418757,-0.577743804858534,-8.13295644287055,-0.410067768329239,-0.0849959138131203,-0.864669357572207,0.00639875288703262,1.46325949709476,-0.256759222135704
1,55,0.0264990960216818,-3.07338165146057,-0.572387757208153,-8.65278269870081,-0.00379441043252042,-0.0427880995763003,-0.251350504845204,0.0117548005374142,0.943433241264509,0.149514135761015
1,56,0.00443944260512441,-3.41626650428853,-0.690479594215595,-8.96111970095561,-0.0867934941890388,-0.0648477529928577,-0.594235357673161,-0.106337036470028,0.635096239009709,0.0665150520044964
1,57,0.151310451925473,-3.33701824996755,-0.535252600142787,-8.48716531148856,-0.194111311706022,0.0820232563274911,-0.514987103352177,0.0488899576027804,1.10905062847676,-0.0408027655124872
1,58,-0.233029840608189,-3.28841290337834,-0.559125125451915,-10.8907330202557,0.0986590225969283,-0.302317036206171,-0.466381756762974,0.0250174322936522,-1.29451708029034,0.251967568790464
1,59,0.0982456570487763,-2.47618317068606,-0.521881951252455,-9.10076802613876,-0.513469450764555,0.0289584614507942,0.345847975929311,0.062260606493112,0.495447913826558,-0.36016090457102
1,60,-0.0980679615235218,-2.42228942094814,-0.62225720195488,-7.74092923565368,-0.333523700954861,-0.167355157121504,0.399741725667227,-0.0381146442093127,1.85528670431164,-0.180215154761326
1,61,0.0255953954066589,-2.56446762611643,-0.615172103828004,-11.8561191530099,0.0996101503516026,-0.0436918001913232,0.257563520498943,-0.0310295460824375,-2.25990321304463,0.252918696545138
1,62,-0.0566834441463168,-3.03632646605544,-0.574375296831178,-11.7785253825834,-0.336031367550229,-0.125970639744299,-0.214295319440075,0.00976726091438851,-2.18230944261808,-0.182722821356693
1,63,0.00735735188580176,-2.77286831335909,-0.707720350427589,-10.1501391946856,0.0947817461711957,-0.0619298437121804,0.0491628332562781,-0.123577792682022,-0.553923254720264,0.248090292364731
1,64,0.206103553148448,-2.5858726743748,-0.596858646629425,-8.88890435797224,-0.278706024436093,0.136816357550465,0.236158472240564,-0.012716088883858,0.707311581993073,-0.125397478242558
1,65,0.0483132544763578,-2.82655826059324,-0.618900825021154,-8.9648919817231,-0.266033007457839,-0.0209739411216243,-0.00452711397787331,-0.0347582672755865,0.631323958242218,-0.112724461264304
1,66,0.228416000241393,-2.1418659107834,-0.578921109320417,-8.49286803800966,-0.512400981836819,0.159128804643411,0.680165235831966,0.00522144842514993,1.10334790195566,-0.359092435643284
1,67,-0.0140185360456231,-3.1128579458387,-0.441748557589391,-7.44509969722888,-0.017058862253565,-0.0833057316436052,-0.290826799223335,0.142394000156176,2.15111624273643,0.13624968393997
1,68,-0.072466505240549,-3.15274469029668,-0.677645208634766,-7.12162356288339,-0.183235213602889,-0.141753700838531,-0.330713543681308,-0.0935026508891991,2.47459237708193,-0.0299266674093539
1,69,-0.211495665837904,-1.78148617962752,-0.625514234275271,-8.74952106303686,-0.399394770926102,-0.280782861435886,1.04054496698784,-0.0413716765297036,0.84669487692846,-0.246086224732566
1,70,-0.210830467664583,-2.25740479867359,-0.600401793124748,-8.76624227420493,-0.129581709081556,-0.280117663262565,0.564626347941782,-0.0162592353791806,0.829973665760388,0.0237268371119794
1,71,0.220831184800721,-2.98646091041774,-0.563851703538523,-10.8940973819175,-0.378574165832009,0.151543989202739,-0.164429763802373,0.0202908542070438,-1.29788144195223,-0.225265619638474
1,72,-0.0454302920493999,-1.87391265635785,-0.502564462238267,-9.12987326175558,-0.115524227388822,-0.114717487647382,0.94811849025752,0.0815780955072999,0.466342678209735,0.0377843188047128
1,73,0.047354111205756,-2.68621577331446,-0.61970068026137,-8.42743213139715,-0.288396749659904,-0.0219330843922261,0.135815373300904,-0.0355581225158035,1.16878380856816,-0.135088203466369
1,74,0.0690644123744761,-2.43797888690401,-0.507453948656436,-11.1507743059507,-0.064414261296134,-0.00022278322350601,0.384052259711361,0.0766886090891306,-1.55455836598535,0.0888942848974012
1,75,0.00716480084875329,-3.22070465386719,-0.584057545866478,-10.3801776830618,-0.54266057121389,-0.0621223947492288,-0.398673507251825,8.50118790893806e-5,-0.78396174309645,-0.389352025020354
1,76,0.139957500103363,-3.07578878335357,-0.57199688518996,-10.1884379777416,-0.228670263911533,0.0706703045053804,-0.2537576367382,0.0121456725556073,-0.592222037776279,-0.075361717717998
1,77,0.100257255803218,-2.84804932033321,-0.625562500279182,-9.53438721863596,-0.180466392639802,0.0309700602052355,-0.0260181737178455,-0.0414199425336149,0.0618287213293556,-0.0271578464462668
1,78,0.0990509792064947,-2.80130838513016,-0.6085863309334,-7.19573362014294,0.0076366929138108,0.0297637836085126,0.0207227614852048,-0.0244437731878326,2.40048231982237,0.160945239107346
1,79,-0.0289889340220379,-2.86594886373015,-0.584018640172359,-9.92752883263742,-0.245425992617978,-0.0982761296200201,-0.0439177171147782,0.000123917573207843,-0.331312892672106,-0.0921174464244426
1,80,0.115492304383499,-2.83056523264608,-0.549383770404927,-6.68033051553577,-0.174511806661059,0.0462051087855164,-0.00853408603071371,0.0347587873406403,2.91588542442955,-0.0212032604675235
1,81,0.259388462011213,-2.60769745104998,-0.529499798235678,-8.95749631151858,-0.282380894327456,0.19010126641323,0.214333695565385,0.0546427595098887,0.638719628446733,-0.129072348133921
1,82,-0.046964342609571,-2.72651147983132,-0.550220784238604,-8.92733918598884,-0.455953973683931,-0.116251538207553,0.0955196667840443,0.0339217735069635,0.668876753976479,-0.302645427490396
1,83,0.239500824105146,-2.51375944109433,-0.618712894593909,-10.9675419212189,-0.17066471687994,0.170213628507164,0.308271705521041,-0.0345703368483423,-1.37132598125356,-0.0173561706864044
1,84,0.15484251230523,-2.40484819662302,-0.640243349874968,-8.07992735195484,0.0667057805124318,0.0855553167072481,0.417182949992347,-0.0561007921294008,1.51628858801048,0.220014326705967
1,85,0.0853625493378754,-2.52493166467509,-0.635555563896297,-11.2757057121768,0.0413640054411364,0.0160753537398933,0.297099481940277,-0.0514130061507296,-1.67948977221147,0.194672551634672
1,86,0.236940181659556,-2.54048623272246,-0.656603806280362,-7.6727342053679,-0.150209384487257,0.167652986061574,0.281544913892908,-0.072461248534795,1.92348173459741,0.00309916170627791
1,87,0.216218268994714,-2.3752016446323,-0.55634587289563,-7.15653438132741,0.0807089054831076,0.146931073396732,0.44682950198307,0.0277966848499375,2.43968155863791,0.234017451676643
1,88,-0.0270911299189078,-3.28891859239671,-0.631981086700638,-11.0518641434101,-0.695200942640782,-0.09637832551689,-0.466887445781346,-0.0478385289550713,-1.45564820344476,-0.541892396447247
1,89,0.231315347937419,-2.30218362289122,-0.638015610647427,-10.4544426630301,-0.299027522096543,0.162028152339437,0.519847523724149,-0.0538730529018603,-0.858226723064748,-0.145718975903007
1,90,0.188442604071679,-3.15267568702304,-0.632819060689071,-10.8946406455353,-0.447404907130852,0.119155408473697,-0.330644540407667,-0.0486765029435039,-1.29842470557002,-0.294096360937317
1,91,-0.175875844988684,-3.36611172729302,-0.689081609434586,-9.05671896897706,-0.00168097806862372,-0.245163040586666,-0.544080580677649,-0.104939051689019,0.539496970988251,0.151627568124911
1,92,0.312229358597497,-2.38183035882055,-0.560093808436992,-9.37219383431491,-0.0861395321983164,0.242942162999515,0.440200787794814,0.0240487493085755,0.224022105650402,0.0671690139952188
1,93,0.275730017133274,-2.91161953279394,-0.515107472303198,-12.4493682540513,0.0523887273301837,0.206442821535292,-0.0895883861785753,0.0690350854423686,-2.853152314086,0.205697273523719
1,94,0.0150255028109269,-2.45521603376472,-0.631995379956512,-9.52662979810012,0.103413545875321,-0.0542616927870553,0.366815112850648,-0.0478528222109448,0.069586141865198,0.256722092068856
1,95,0.216122866761422,-2.62454241990152,-0.531856141549159,-9.24621064135913,-0.241296671786426,0.146835671163439,0.197488726713847,0.0522864161964081,0.350005298606186,-0.0879881255928907
1,96,0.332639186298899,-1.89176142483238,-0.624649641274817,-9.67755230980626,0.149329186941794,0.263351990700917,0.930269721782989,-0.0405070835292497,-0.0813363698409439,0.302637733135329
1,97,0.0850966509440571,-1.81884932984583,-0.613838250265255,-11.2450931065466,0.0758282267228831,0.015809455346075,1.00318181676954,-0.0296956925196882,-1.64887716658128,0.229136772916418
1,98,0.0664184378411594,-1.96538265899074,-0.545283675177473,-10.2852522185259,0.314128121052488,-0.00286875775682273,0.856648487624625,0.0388588825680936,-0.689036278560547,0.467436667246023
1,99,0.0397290079087588,-2.36452152507566,-0.527952445621669,-11.4780987848815,-0.34391132120563,-0.0295581876892234,0.457509621539705,0.0561901121238977,-1.88188284491621,-0.190602775012095
1,100,-0.21679647624137,-2.41039074227118,-0.522668663727207,-8.92402245608789,-0.139480976155902,-0.286083671839352,0.411640404344186,0.0614738940183603,0.672193483877427,0.013827570037633
1,101,0.11475298055222,-2.51825428385874,-1.37646714506055,-9.96045327900874,-0.0183892019617019,0.0454657849542381,0.303776862756633,0.0067415744848609,-0.364237339043422,0.134919344231833
1,102,-0.0875243363494753,-3.2967618692711,-1.24708416399333,-9.85223962966233,0.0408419219309108,-0.156811531947457,-0.474730722655727,0.136124555552078,-0.256023689697013,0.194150468124446
1,103,0.132126416796418,-2.84183045678571,-1.46635413625575,-10.4603766462593,-0.265286382113706,0.0628392211984363,-0.0197993101703449,-0.0831454167103327,-0.864160706294026,-0.111977835920171
1,104,0.204052196118915,-2.90026839771183,-1.31586815562665,-10.5991604399433,0.0480871225868881,0.134765000520933,-0.0782372510964651,0.0673405639187665,-1.00294449997803,0.201395668780423
1,105,0.239482055476848,-3.45054932698149,-1.33300175264587,-9.90504783252269,0.0237726829636713,0.170194859878866,-0.628518180366118,0.0502069668995462,-0.308831892557379,0.177081229157207
1,106,0.16146047987109,-2.72267323566138,-1.32453648793262,-11.8847944226809,-0.0651092580034189,0.0921732842731075,0.0993579109539851,0.0586722316127963,-2.28857848271557,0.0881992881901163
1,107,-0.0697208957664804,-3.52815270259205,-1.38419072720431,-11.6079283232326,-0.102439800384826,-0.139008091364463,-0.706121555976677,-0.000982007658895112,-2.01171238326731,0.0508687458087088
1,108,0.0620908880363354,-2.59574384598865,-1.49037898653883,-8.35934549122732,0.131651137728395,-0.00719630756164676,0.226287300626722,-0.107170266993412,1.23687044873799,0.284959683921931
1,109,0.456660039609242,-2.7398822179702,-1.42284424760393,-8.63803407691686,-0.465134950460844,0.38737284401126,0.0821489286451675,-0.039635528058515,0.958181863048459,-0.311826404267308
1,110,0.0446465974077963,-2.58178585221425,-1.4468935156908,-8.30618185925548,-0.266152633990462,-0.0246405981901858,0.240245294401119,-0.0636847961453866,1.29003408070983,-0.112844087796927
1,111,0.0461701232207514,-2.33889296753346,-1.3680591459389,-7.34930572272925,-0.342400840652477,-0.0231170723772307,0.483138179081908,0.0151495736065155,2.24691021723607,-0.189092294458941
1,112,0.253249113912892,-3.19126700792039,-1.50465171016414,-10.0691203815962,-0.0339757964394079,0.18396191831491,-0.369235861305021,-0.121442990618732,-0.472904441630918,0.119332749754127
1,113,0.40550683199039,-2.7279768741887,-1.50265407148406,-7.48075470525083,-0.294524217890961,0.336219636392408,0.0940542724266695,-0.119445351938645,2.11546123471448,-0.141215671697425
1,114,0.116891827992804,-3.03188812700988,-1.42513167525216,-10.886238287158,0.0917843903410487,0.0476046323948222,-0.209856980394511,-0.0419229557067513,-1.29002234719265,0.245092936534584
1,115,0.151416264645404,-3.82002211796122,-1.36315416154825,-8.56137588836782,-0.269475533484292,0.0821290690474218,-0.997990971345851,0.0200545579971656,1.0348400515975,-0.116166987290756
1,116,0.128741863549504,-2.70228471106381,-1.37399791924067,-8.7491581925114,-0.466311023991995,0.0594546679515215,0.119746435551558,0.00921080030474286,0.847057747453917,-0.31300247779846
1,117,0.128186216647913,-2.7856903011842,-1.47847363935081,-6.91032582596491,0.0922882454894992,0.0588990210499314,0.0363408454311656,-0.0952649198053994,2.68589011400041,0.245596791683034
1,118,-0.158773703822471,-2.62599458913664,-1.29901692199246,-10.0670535020731,-0.0233681585557801,-0.228060899420453,0.196036557478728,0.0841917975529509,-0.47083756210783,0.129940387637755
1,119,-0.224931103964996,-2.21630920933129,-1.43263295513719,-7.70635142028769,0.00327593906155443,-0.294218299562978,0.605721937284075,-0.0494242355917798,1.88986451967762,0.15658448525509
1,120,0.14006892388215,-3.46128063338954,-1.34111524945912,-9.25240320489441,0.0421272108829714,0.070781728284168,-0.639249486774168,0.0420934700862901,0.343812735070907,0.195435757076507
1,121,0.290922449340878,-3.12743295485671,-1.47766113690227,-11.1879844908308,-0.149987565016447,0.221635253742896,-0.305401808241346,-0.0944524173568537,-1.59176855086549,0.00332098117708829
1,122,0.0507249757460145,-2.90666929681869,-1.26943201984357,-10.7005700450325,-0.132869821488855,-0.0185622198519676,-0.0846381502033262,0.113776699701841,-1.10435410506715,0.0204387247046803
1,123,-0.00524740210969434,-2.302707492466,-1.3930895171052,-11.9484093113254,0.150766745905158,-0.0745345977076765,0.51932365414937,-0.00988079755978855,-2.35219337136013,0.304075292098693
1,124,0.520102795604998,-2.31314972049725,-1.40219318531226,-8.17390667387432,-0.595508367176825,0.450815600007016,0.508881426118123,-0.0189844657668476,1.422309266091,-0.44219982098329
1,125,0.23243373001914,-3.69774029550007,-1.5377093142063,-9.30895647135661,-0.149748373394666,0.163146534421158,-0.8757091488847,-0.154500594660886,0.287259468608706,0.00356017279886967
1,126,0.0815292979624867,-2.73009030433165,-1.30301741137879,-9.01304809485691,-0.431889022821807,0.0122421023645046,0.0919408422837145,0.0801913081666179,0.583167845108401,-0.278580476628272
1,127,0.135053104500533,-2.47529551876071,-1.46691627939165,-9.1464207513339,-0.307216702172455,0.0657659089025513,0.346735627854654,-0.0837075598462398,0.449795188631414,-0.15390815597892
1,128,0.242758728530461,-3.11726527000635,-1.4511859254149,-8.53890304062669,0.143170796434693,0.173471532932479,-0.295234123390979,-0.067977205869485,1.05731289933863,0.296479342628228
1,129,0.0979011561021875,-3.24024120270625,-1.37614791656115,-11.2946622598285,-0.375387186620585,0.0286139605042054,-0.418210056090884,0.00706080298425826,-1.69844631986318,-0.22207864042705
1,130,0.113231329160305,-3.14523894753679,-1.37092551011119,-10.4897432982629,0.043858297477374,0.0439441335623224,-0.323207800921417,0.0122832094342253,-0.893527358297598,0.197166843670909
1,131,0.039311667590488,-2.64099215862996,-1.37274564605145,-10.6862336339695,0.191104607222055,-0.0299755280074941,0.181038987985408,0.0104630734939613,-1.09001769400414,0.34441315341559
1,132,0.182675395591227,-2.88576556215182,-1.24988124875499,-9.28905589499114,-0.00171690591558615,0.113388199993245,-0.0637344155364525,0.133327470790427,0.307160044974172,0.151591640277949
1,133,-0.106846140225667,-2.33261791013088,-1.34790828074539,-8.62990463042789,0.101419723748127,-0.176133335823649,0.489413236484483,0.0353004388000211,0.966311309537428,0.254728269941663
1,134,-0.0221398351269841,-2.88503841828779,-1.4233084955662,-8.22800649712402,0.0629541801688188,-0.0914270307249663,-0.0630072716724266,-0.0400997760207853,1.3682094428413,0.216262726362354
1,135,0.113711433326681,-3.20496985761489,-1.41586877420679,-7.25895067438181,-0.285088241505906,0.0444242377286992,-0.382938710999517,-0.0326600546613764,2.3372652655835,-0.131779695312371
1,136,-0.00151706967065202,-2.44297959068317,-1.48639458486934,-8.32918303488241,-0.118247425111331,-0.0708042652686341,0.379051555932203,-0.10318586532393,1.2670329050829,0.035061121082204
1,137,0.0476726305698971,-2.74839059983658,-1.41478751043019,-9.58141082460093,-0.29650822135296,-0.021614565028085,0.0736405467787926,-0.0315787908847747,0.014805115364382,-0.143199675159425
1,138,0.252655264073715,-2.30085941054012,-1.3098573689619,-7.83580247314394,-0.394676375498022,0.183368068475733,0.521171736075253,0.0733513505835115,1.76041346682138,-0.241367829304487
1,139,-0.0531135879722573,-2.36139520326305,-1.41542988310105,-8.21855925611962,-0.109129091156642,-0.122400783570239,0.460635943352316,-0.0322211635556375,1.37765668384569,0.0441794550368932
1,140,-0.203486284695242,-3.16711626700566,-1.40072179437949,-9.46958972554583,-0.127570249869899,-0.272773480293224,-0.345085120390293,-0.017513074834075,0.12662621441949,0.0257382963236361
1,141,0.0717390183677855,-2.41771674112023,-1.34223262379841,-9.52557940245888,-0.0811900332412949,0.00245182276980339,0.404314405495133,0.0409760957470033,0.0706365375064362,0.0721185129522403
1,142,0.272695674001882,-3.1853891515794,-1.40100134935737,-9.32015198783826,-0.173641921336283,0.203408478403899,-0.363358004964031,-0.0177926298119544,0.276063952127057,-0.0203333751427477
1,143,-0.135139913373368,-3.82112614294352,-1.38328020469604,-9.18253176382399,-0.369862562511663,-0.20442710897135,-0.999094996328148,-7.14851506304903e-5,0.413684176141329,-0.216554016318127
1,144,0.0338193011123312,-2.79412889469909,-1.35115483825166,-7.66825829153198,-0.107958381837355,-0.035467894485651,0.0279022519162782,0.0320538812937479,1.92795764843333,0.0453501643561802
1,145,0.135780548751754,-3.7672730112066,-1.48980596583724,-12.8254725539139,-0.018301754871932,0.0664933531537718,-0.945241864591231,-0.106597246291828,-3.22925661394856,0.135006791321603
1,146,-0.0852354691516789,-2.69250669514187,-1.43756087821473,-9.91569833751218,0.0325210650187599,-0.154522664749661,0.129524451473494,-0.0543521586693207,-0.319482397546869,0.185829611212295
1,147,0.0114030470999618,-2.78893945867625,-1.2743199864242,-9.35685187460055,0.13869584032055,-0.0578841484980203,0.0330916879391219,0.108888733121212,0.239364065364766,0.292004386514085
1,148,0.112385286645679,-2.27799348618072,-1.46348122140937,-8.56127963108611,-0.0722941830501528,0.0430980910476964,0.54403766043465,-0.0802725018639554,1.03493630887921,0.0810143631433824
1,149,0.0252903585151659,-3.34573715271238,-1.33558158758846,-10.328619320725,-0.27430431797656,-0.0439968370828163,-0.523706006097014,0.0476271319569486,-0.732403380759637,-0.120995771783025
1,150,-0.181423594256668,-3.48929976535796,-1.42113638419053,-9.35808395923337,-0.385408724343189,-0.25071078985465,-0.667268618742589,-0.037927664645115,0.238131980731945,-0.232100178149654
1,151,0.247749892070802,-3.19040661978718,-1.31854688674428,-10.6584449038578,-0.353365139528582,0.178462696472819,-0.368375473171813,0.0646618328011368,-1.06222896389248,-0.200056593335047
1,152,-0.0368911480351188,-2.91980521665676,-1.45098334745814,-11.1039449954248,-0.148442929328642,-0.106178343633101,-0.0977740700413965,-0.0677746279127225,-1.5077290554595,0.00486561686489279
1,153,0.184576536941699,-2.63579263630001,-1.33071143461146,-8.1612215229475,-0.561194156228218,0.115289341343717,0.186238510315362,0.0524972849339558,1.43499441701781,-0.407885610034683
1,154,-0.186374694710374,-3.19540157858844,-1.37492078504458,-11.7234799971276,-0.299462891418443,-0.255661890308356,-0.373370431973068,0.00828793450083287,-2.12726405716225,-0.146154345224908
1,155,0.0481826098822688,-3.40797546471402,-1.32570515943214,-10.1379242602662,-0.180105563796503,-0.0211045857157133,-0.585944318098651,0.0575035601132745,-0.541708320300863,-0.0267970176029683
1,156,0.0650504609850439,-3.36490432707359,-1.48543366218821,-10.3292563137247,-0.145493495918598,-0.00423673461293822,-0.542873180458223,-0.102224942642795,-0.733040373759394,0.0078150502749377
1,157,0.349642224881335,-2.99275275586158,-1.4301249740239,-10.3733809688939,-0.430490713752191,0.280355029283353,-0.170721609246215,-0.0469162544784909,-0.77716502892854,-0.277182167558656
1,158,-0.103062762891421,-2.96451122119009,-1.35223809015524,-10.962852891062,-0.332600310794795,-0.172349958489403,-0.142480074574722,0.0309706293901688,-1.36663695109673,-0.17929176460126
1,159,0.0473236162418642,-3.4907082939751,-1.35658747622817,-11.4547447092353,-0.004690107004828,-0.0219635793561179,-0.668677147359728,0.0266212433172417,-1.85852876927002,0.148618439188707
1,160,0.136484115980616,-2.58408887162065,-1.41828186309205,-8.01561075977642,-0.343489036007356,0.0671969203826338,0.237942274994721,-0.0350731435466345,1.5806051801889,-0.190180489813821
1,161,0.12641150937617,-3.29158270999499,-1.22606260467377,-9.28345626438004,-0.0721979578236362,0.0571243137781874,-0.469551563379623,0.157146114871642,0.312759675585275,0.081110588369899
1,162,0.127926732692159,-4.13357646330599,-1.34271838155551,-11.6457213140692,-0.410831899170048,0.0586395370941766,-1.31154531669062,0.0404903379899069,-2.04950537410384,-0.257523352976513
1,163,0.300131895691825,-3.28107399846281,-1.57717257337396,-10.4326794418995,-0.262597526065919,0.230844700093843,-0.459042851847447,-0.193963853828551,-0.836463501934173,-0.109288979872384
1,164,-0.101375917028201,-2.36488751797856,-1.57482907549669,-10.6663549967483,0.0463724086036403,-0.170663112626183,0.457143628636805,-0.191620355951275,-1.07013905678303,0.199680954797176
1,165,0.0238859627350122,-3.87436905523144,-1.41590867983357,-10.4805628258968,0.00392831824469995,-0.04540123286297,-1.05233790861607,-0.0326999602881548,-0.884346885931436,0.157236864438235
1,166,0.092727961172755,-2.92022389753704,-1.36574410243549,-9.88451533629248,0.249651085525978,0.0234407655747729,-0.0981927509216765,0.0174646171099269,-0.288299396327162,0.402959631719513
1,167,-0.246008499442529,-2.81442710546898,-1.34229974638737,-9.4767300186995,0.113736759399497,-0.315295695040511,0.00760404114638913,0.0409089731580379,0.119485921265817,0.267045305593032
1,168,0.139670524548841,-3.10166606692802,-1.30730124062301,-10.9631959907593,-0.223412600819822,0.0703833289508592,-0.279634920312652,0.075907478922399,-1.36698005079397,-0.0701040546262867
1,169,0.103921638392274,-3.25578291019978,-1.41073772299533,-9.41634121160215,-0.156822300576203,0.0346344427942917,-0.433751763584408,-0.0275290034499163,0.179874728363169,-0.00351375438266793
1,170,-0.143831635490768,-2.61315397269216,-1.31790855418348,-8.59186247194401,0.0307873205982524,-0.21311883108875,0.208877173923207,0.0653001653619372,1.0043534680213,0.184095866791788
1,171,0.278060101559937,-2.83789560328887,-1.38120292046223,-11.9995947716347,0.0434359853259364,0.208772905961955,-0.0158644566735053,0.00200579908318543,-2.40337883166935,0.196744531519472
1,172,0.179053472968692,-2.70178127144693,-1.40588819489471,-7.39013084846149,0.114443488620251,0.109766277370709,0.12024987516844,-0.0226794753492976,2.20608509150383,0.267752034813786
1,173,0.068849444723394,-2.47540568115656,-1.47835062621578,-7.4793973452976,0.179132146230763,-0.000437750874588111,0.346625465458813,-0.0951419066703691,2.11681859466771,0.332440692424298
1,174,0.194218309209298,-2.97268371033024,-1.37744575018562,-8.62475933919804,0.0545433643024015,0.124931113611316,-0.15065256371487,0.00576296935979537,0.97145660076727,0.207851910495937
1,175,-0.0256416861559423,-2.1418551494449,-1.48730582679276,-7.52883631739704,-0.317797593240921,-0.0949288817539244,0.680175997170472,-0.104097107247344,2.06737962256828,-0.164489047047386
1,176,0.128767920764866,-2.63678169340111,-1.43908282258171,-9.12828163630217,-0.0264818482611936,0.0594807251668834,0.185249453214263,-0.055874103036301,0.467934303663146,0.126826697932342
1,177,-0.0241321870243451,-3.17938522342439,-1.40153027482106,-11.1628634957515,-0.295914991453944,-0.0934193826223272,-0.357354076809023,-0.0183215552756426,-1.56664755578615,-0.142606445260409
1,178,0.239260215388285,-2.89855598272079,-1.45551165701606,-9.21376910905352,-0.0781049843600533,0.169973019790303,-0.0765248361054196,-0.0723029374706472,0.382446830911791,0.0752035618334819
1,179,0.0615778693028844,-2.7694260358167,-1.40658764005408,-10.3538866001999,-0.312762832947042,-0.00770932629509773,0.0526051107986731,-0.0233789205086712,-0.757670660234625,-0.159454286753507
1,180,0.0750293570935675,-3.25917037833231,-1.37468312962006,-10.6671712285233,-0.24392688753878,0.00574216149558537,-0.437139231716938,0.00852558992535668,-1.07095528855799,-0.0906183413452448
1,181,0.0340289447324697,-3.09931285380395,-1.32636916260794,-10.5711918655043,-0.307438601075053,-0.0352582508655124,-0.277281707188578,0.0568395569374722,-0.974975925539006,-0.154130054881518
1,182,0.00897938291391561,-3.15220776414914,-1.42608990752017,-8.60537131146304,-0.0822830724643149,-0.0603078126840665,-0.330176617533771,-0.0428811879747601,0.990844628502277,0.0710254737292203
1,183,0.0557215499656689,-3.09276760908909,-1.33686893255577,-12.1907029290116,-0.150241907847017,-0.0135656456323133,-0.270736462473717,0.0463397869896398,-2.5944869890463,0.00306663834651791
1,184,0.0847951724369757,-3.02783932866227,-1.37636260033365,-10.5657687765349,-0.481098807139663,0.0155079768389936,-0.205808182046902,0.00684611921175993,-0.969552836569573,-0.327790260946128
1,185,0.0319757155996489,-3.14829901131571,-1.41806451984891,-9.05365356502924,0.00696133764786582,-0.0373114799983333,-0.326267864700344,-0.0348558003034953,0.542562374936077,0.160269883841401
1,186,-0.221709534977712,-4.3677907539534,-1.37544276030984,-8.87480697204963,-0.235760878666426,-0.290996730575694,-1.54575960733803,0.007765959235569,0.721408967915689,-0.0824523324728903
1,187,0.159246997289554,-2.10893407489063,-1.43203210822742,-8.59118544746988,-0.306298924651905,0.0899598016915718,0.713097071724739,-0.0488233886820046,1.00503049249544,-0.15299037845837
1,188,0.080183920448629,-2.89272305456474,-1.44507342131194,-10.0317661641687,-0.0551310662664052,0.0108967248506469,-0.0706919079493673,-0.0618647017665253,-0.435550224203372,0.09817747992713
1,189,-0.0328624046471346,-3.20938619813868,-1.41661894493129,-7.72018772132457,-0.0107565144504917,-0.102149600245117,-0.387355051523314,-0.0334102253858766,1.87602821864074,0.142552031743043
1,190,0.0685828226985385,-2.90968945474393,-1.34557842458227,-8.67635380877012,0.00933979402043123,-0.000704372899443612,-0.087658308128562,0.0376302949631466,0.919862131195199,0.162648340213966
1,191,0.0560526411318141,-3.78241942908497,-1.47175373091655,-9.87867528429666,-0.113001218437265,-0.013234554466168,-0.960388282469602,-0.0885450113711388,-0.282459344331349,0.0403073277562699
1,192,0.265833380083525,-3.23655434014788,-1.27233183504262,-9.58822182334996,-0.459412342311333,0.196546184485543,-0.414523193532508,0.110876884502788,0.00799411661535743,-0.306103796117798
1,193,0.134971202143971,-3.06526492295029,-1.2905556776416,-10.4723610051556,-0.037340387805399,0.065684006545989,-0.243233776334919,0.0926530419038158,-0.876145065190258,0.115968158388136
1,194,0.0170260234011565,-3.19310538939667,-1.32499806442403,-6.17090817893591,-0.199243986764447,-0.0522611721968256,-0.371074242781299,0.0582106551213788,3.42530776102941,-0.0459354405709116
1,195,0.13042067061577,-2.74693356008654,-1.3907888698739,-10.4144509375808,-0.0259590451336148,0.0611334750177877,0.0750975865288241,-0.00758015032848314,-0.818234997615482,0.12734950105992
1,196,-0.121215632533548,-2.62485490735876,-1.41058056064603,-7.44902680448582,-0.0490141355757114,-0.19050282813153,0.197176239256604,-0.0273718411006199,2.14718913547949,0.104294410617824
1,197,0.164766513977092,-4.16601331462755,-1.42264622762675,-10.0171880066456,-0.274361521702543,0.0954793183791104,-1.34398216801218,-0.0394375080813398,-0.42097206668033,-0.121052975509008
1,198,-0.0255140146652863,-3.51475506934397,-1.44084455255672,-8.60346226231248,-0.396533260880807,-0.0948012102632685,-0.6927239227286,-0.0576358330113076,0.992753677652836,-0.243224714687272
1,199,0.167886481992961,-2.48871124759343,-1.52144154177783,-8.61429432495076,0.127393305573716,0.0985992863949786,0.333319899021942,-0.138232822232414,0.981921615014553,0.280701851767252
1,200,0.0834598121360034,-3.24873278424124,-1.40439051443714,-7.76683345261766,0.12556597897443,0.0141726165380213,-0.426701637625872,-0.0211817948917279,1.82938248734765,0.278874525167965
